1.7566 0.029632
1.7566 0.078155
1.7566 0.12668
1.7566 0.1752
1.7566 0.22372
1.7566 0.27225
1.7566 0.32077
1.7566 0.36929
1.7566 0.41782
1.7566 0.46634
1.7566 0.51486
1.7566 0.56338
1.7566 0.61191
1.7566 0.66043
1.7566 0.70895
1.7566 0.75748
1.7566 0.806
1.7566 0.85452
1.7566 0.90304
1.7566 0.95157
1.7566 1.0001
1.7566 1.0486
1.7566 1.0971
1.7566 1.1457
1.7566 1.1942
1.7566 1.2427
1.7566 1.2912
1.7566 1.3397
1.7566 1.3883
1.7566 1.4368
1.7566 1.4853
1.7566 1.5338
1.7566 1.5824
1.7081 1.6309
1.6596 1.6794
1.6111 1.7279
1.5625 1.7765
1.514 1.825
1.4655 1.825
1.417 1.825
1.3685 1.825
1.3199 1.825
1.2714 1.825
1.2229 1.825
1.1744 1.825
1.1258 1.825
1.0773 1.825
1.0288 1.825
0.98027 1.825
0.93175 1.825
0.88323 1.825
0.8347 1.825
0.78618 1.8735
0.73766 1.8735
0.68914 1.8735
0.64061 1.8735
0.59209 1.8735
0.54357 1.8735
0.49504 1.8735
0.44652 1.8735
0.398 1.8735
0.34948 1.8735
0.30095 1.8735
0.25243 1.8735
0.20391 1.8735
0.15538 1.8735
0.10686 1.8735
-0.71803 1.922
-0.76655 1.922
-0.81507 1.922
-0.8636 1.922
-0.91212 1.922
-0.96064 1.922
-1.0092 1.922
-1.0577 1.922
-1.1062 1.922
-1.1547 1.922
-1.2033 1.922
-1.2518 1.922
-1.3003 1.922
-1.3488 1.922
-1.3973 1.922
-1.4459 1.922
-1.4944 1.922
-1.5429 1.922
-1.5914 1.8735
-1.5914 1.825
-1.64 1.825
-1.6885 1.7765
-1.6885 1.7279
-1.737 1.7279
-1.737 1.6794
-1.737 1.6309
-1.737 1.5824
-1.737 1.5338
-1.737 1.4853
-1.737 1.4368
-1.737 1.3883
-1.737 1.3397
-1.737 1.2912
-1.737 1.2427
-1.737 1.1942
-1.737 1.1457
-1.737 1.0971
-1.737 1.0486
-1.737 1.0001
-1.737 0.95157
-1.7855 0.95157
-1.7855 0.90304
-1.7855 0.85452
-1.7855 0.806
-1.7855 0.75748
-1.7855 0.70895
-1.7855 0.66043
-1.7855 0.61191
-1.7855 0.56338
-1.7855 0.51486
-1.7855 0.46634
-1.7855 0.41782
-1.7855 0.36929
-1.7855 0.32077
-1.7855 0.27225
-1.7855 0.22372
-1.7855 0.1752
-1.7855 0.12668
-1.7855 0.078155
-1.7855 0.029632
-1.7855 -0.018891
-1.7855 -0.067413
-1.7855 -0.11594
-1.7855 -0.16446
-1.7855 -0.21298
-1.7855 -0.2615
-1.7855 -0.31003
-1.7855 -0.35855
-1.7855 -0.40707
-1.7855 -0.4556
-1.7855 -0.50412
-1.7855 -0.55264
-1.7855 -0.60116
-1.7855 -0.64969
-1.7855 -0.69821
-1.7855 -0.74673
-1.7855 -0.79526
-1.7855 -0.84378
-1.7855 -0.8923
-1.7855 -0.94082
-1.7855 -0.98935
-1.7855 -1.0379
-1.7855 -1.0864
-1.7855 -1.1349
-1.7855 -1.1834
-1.7855 -1.232
-1.7855 -1.2805
-1.7855 -1.329
-1.7855 -1.3775
-1.737 -1.4261
-1.6885 -1.4746
-1.64 -1.5231
-1.5914 -1.5231
-1.5429 -1.5716
-1.4944 -1.5716
-1.4459 -1.5716
-1.3973 -1.5716
-1.3488 -1.5716
-1.3003 -1.5716
-1.2518 -1.5716
-1.2033 -1.6201
-1.1547 -1.6201
-1.1062 -1.6201
-1.0577 -1.6201
-1.0092 -1.6201
-0.96064 -1.6201
-0.91212 -1.6201
-0.8636 -1.6201
-0.81507 -1.6201
-0.76655 -1.6201
-0.71803 -1.6201
-0.6695 -1.6201
-0.62098 -1.6201
-0.57246 -1.6201
-0.52394 -1.6201
-0.47541 -1.6201
-0.42689 -1.6201
-0.37837 -1.6687
-0.32984 -1.6687
-0.28132 -1.6687
-0.2328 -1.6687
-0.18428 -1.6687
-0.13575 -1.6687
-0.08723 -1.6687
-0.038707 -1.6687
0.0098157 -1.6687
0.058339 -1.6687
0.10686 -1.6687
0.15538 -1.6687
0.20391 -1.6687
0.25243 -1.6687
0.30095 -1.6687
0.34948 -1.6687
0.398 -1.6687
0.44652 -1.6687
0.49504 -1.7172
0.54357 -1.7172
0.59209 -1.7172
0.64061 -1.7172
0.68914 -1.7172
0.73766 -1.7172
0.78618 -1.7172
0.8347 -1.7172
0.88323 -1.7172
0.93175 -1.7172
0.98027 -1.7172
1.0288 -1.7172
1.0773 -1.7172
1.1258 -1.7172
1.1744 -1.7172
1.2229 -1.7172
1.2714 -1.7172
1.3199 -1.7172
1.3685 -1.7172
1.417 -1.7172
1.4655 -1.7172
1.514 -1.7172
1.514 -1.6687
1.5625 -1.6201
1.6111 -1.5716
1.6596 -1.5716
1.6596 -1.5231
1.6596 -1.4746
1.6596 -1.4261
1.6596 -1.3775
1.6596 -1.329
1.7081 -1.329
1.7081 -1.2805
1.7081 -1.232
1.7081 -1.1834
1.7081 -1.1349
1.7081 -1.0864
1.7081 -1.0379
1.7081 -0.98935
1.7081 -0.94082
1.7081 -0.8923
1.7081 -0.84378
1.7081 -0.79526
1.7081 -0.74673
1.7081 -0.69821
1.7081 -0.64969
1.7081 -0.60116
1.7081 -0.55264
1.7081 -0.50412
1.7081 -0.4556
1.7081 -0.40707
1.7081 -0.35855
1.7081 -0.31003
1.7081 -0.2615
1.7081 -0.21298
1.7081 -0.16446
1.7081 -0.11594
1.7566 -0.11594
1.7566 -0.067413
1.7566 -0.018891
