1.8132 0.018108
1.8132 0.044732
1.8132 0.071355
1.8132 0.097979
1.8132 0.1246
1.8132 0.15123
1.8132 0.17785
1.8132 0.20447
1.8132 0.2311
1.8132 0.25772
1.8132 0.28434
1.8132 0.31097
1.8132 0.33759
1.8132 0.36421
1.8132 0.39084
1.8132 0.41746
1.7866 0.44409
1.7866 0.47071
1.76 0.49733
1.76 0.52396
-0.87574 3.772
-0.90236 3.7987
-0.92899 3.8253
-0.95561 3.8519
-0.98224 3.8785
-1.0089 3.9052
-1.0355 3.9052
-1.0621 3.9052
-1.0887 3.9052
-1.1154 3.9052
-1.142 3.9052
-1.142 3.8785
-1.1686 3.8785
-1.1686 3.8519
-1.1686 3.8253
-1.1952 3.772
-1.1952 3.6922
-1.1952 3.6389
-1.1952 3.559
-1.1952 3.5058
-1.1952 3.4259
-1.1952 3.3727
-1.1952 3.2928
-1.1952 3.2396
-1.1952 3.1597
-1.1952 3.1064
-1.1952 3.0266
-1.1952 2.9467
-1.1952 2.8935
-1.1952 2.8136
-1.1952 2.7603
-1.1952 2.6805
-1.1952 2.6272
-1.1952 2.5474
-1.1952 2.4941
-1.1952 2.4142
-1.1952 2.361
-1.1952 2.2811
-1.1952 2.2279
-1.1952 2.148
-1.2218 2.0681
-1.2218 2.0149
-1.2218 1.935
-1.2218 1.8818
-1.2218 1.8019
-1.2218 1.7486
-1.2218 1.6688
-1.2218 1.6155
-1.2218 1.5357
-1.2218 1.4824
-1.2218 1.4025
-1.2218 1.3493
-1.2218 1.2694
-1.2218 1.1895
-1.2218 1.1363
-1.2218 1.0564
-1.2218 1.0032
-1.2218 0.92331
-1.2218 0.87006
-1.2218 0.79019
-1.2218 0.73695
-1.2218 0.65707
-1.2218 0.60383
-1.2218 0.52396
-1.2218 0.44409
-1.2218 0.41746
-1.2218 0.39084
-1.2218 0.36421
-1.2218 0.33759
-1.2218 0.31097
-1.2218 0.28434
-1.2218 0.25772
-1.2218 0.2311
-1.2218 0.20447
-1.2218 0.17785
-1.2218 0.15123
-1.2218 0.1246
-1.2218 0.097979
-1.2218 0.071355
-1.2218 0.044732
-1.2218 0.018108
-1.2218 -0.0085156
-1.2218 -0.035139
-1.2218 -0.061763
-1.2218 -0.088386
-1.2218 -0.11501
-1.2218 -0.14163
-1.2218 -0.16826
-1.2218 -0.19488
-1.2218 -0.2215
-1.2218 -0.24813
-1.2218 -0.27475
-1.2218 -0.30138
-1.2218 -0.328
-1.2218 -0.35462
-1.2218 -0.38125
-1.2218 -0.40787
-1.2218 -0.43449
-1.2218 -0.46112
-1.2218 -0.48774
-1.2218 -0.51436
-1.2218 -0.54099
-1.2218 -0.56761
-1.2218 -0.59424
-1.2218 -0.62086
-1.2218 -0.64748
-1.2218 -0.67411
-1.2218 -0.70073
-1.2218 -0.72735
-1.2218 -0.75398
-1.2218 -0.7806
-1.2218 -0.80722
-1.2218 -0.83385
-1.2218 -0.86047
-1.2218 -0.88709
-1.2218 -0.91372
-1.2218 -0.94034
-1.2218 -0.96697
-1.2218 -0.99359
-1.2218 -1.0202
-1.2218 -1.0468
-1.2218 -1.0735
-1.2218 -1.1001
-1.2218 -1.1267
-1.2218 -1.1533
-1.2218 -1.18
-1.2218 -1.2066
-1.2218 -1.2332
-1.2218 -1.2598
-1.2218 -1.2864
-1.2218 -1.3131
-1.2218 -1.3397
-1.2218 -1.3663
-1.1952 -1.3929
-1.1952 -1.4196
-1.1686 -1.4462
-1.142 -1.4728
-1.1154 -1.4994
-1.0887 -1.4994
-1.0621 -1.5261
-1.0089 -1.5261
-0.95561 -1.5261
-0.90236 -1.5261
-0.84912 -1.5261
-0.79587 -1.5261
-0.74262 -1.5261
-0.68938 -1.5261
-0.63613 -1.5261
-0.58288 -1.5261
-0.50301 -1.5261
-0.44976 -1.5261
-0.39652 -1.5261
-0.34327 -1.5261
-0.29002 -1.5261
-0.23677 -1.5261
-0.18353 -1.5261
-0.13028 -1.5261
-0.077032 -1.5261
-0.023785 -1.5261
0.056086 -1.5261
0.10933 -1.5261
0.16258 -1.5261
0.21583 -1.5261
0.26907 -1.5261
0.32232 -1.5261
0.37557 -1.5261
0.42882 -1.5261
0.48206 -1.5261
0.53531 -1.5261
0.61518 -1.5261
0.66843 -1.5261
0.72168 -1.5261
0.77492 -1.5261
0.82817 -1.5261
0.88142 -1.5261
0.93467 -1.5261
0.98791 -1.5261
1.0412 -1.5261
1.0944 -1.5261
1.1743 -1.5261
1.2275 -1.5261
1.2808 -1.5261
1.334 -1.5261
1.3873 -1.5261
1.4405 -1.5261
1.4938 -1.5261
1.547 -1.5261
1.6003 -1.5261
1.6535 -1.5261
1.7334 -1.5261
1.7334 -1.4994
1.76 -1.4994
1.7866 -1.4994
1.7866 -1.4728
1.8132 -1.4728
1.8132 -1.4462
1.8399 -1.4462
1.8399 -1.4196
1.8399 -1.3929
1.8665 -1.3929
1.8665 -1.3663
1.8665 -1.3397
1.8665 -1.3131
1.8665 -1.2864
1.8665 -1.2598
1.8399 -1.2332
1.8399 -1.2066
1.8399 -1.18
1.8399 -1.1533
1.8399 -1.1267
1.8399 -1.1001
1.8399 -1.0735
1.8399 -1.0468
1.8399 -1.0202
1.8399 -0.99359
1.8399 -0.96697
1.8399 -0.94034
1.8399 -0.91372
1.8399 -0.88709
1.8399 -0.86047
1.8399 -0.83385
1.8399 -0.80722
1.8399 -0.7806
1.8399 -0.75398
1.8399 -0.72735
1.8399 -0.70073
1.8399 -0.67411
1.8399 -0.64748
1.8399 -0.62086
1.8399 -0.59424
1.8399 -0.56761
1.8399 -0.54099
1.8399 -0.51436
1.8399 -0.48774
1.8399 -0.46112
1.8399 -0.43449
1.8399 -0.40787
1.8399 -0.38125
1.8399 -0.35462
1.8132 -0.328
1.8132 -0.30138
1.8132 -0.27475
1.8132 -0.24813
1.8132 -0.2215
1.8132 -0.19488
1.8132 -0.16826
1.8132 -0.14163
1.8132 -0.11501
1.8132 -0.088386
1.8132 -0.061763
1.8132 -0.035139
1.8132 -0.0085156
