1.2062 0.0016973
1.1991 0.049828
1.2014 0.11719
1.2033 0.18342
1.205 0.24846
1.2064 0.31231
1.2074 0.37492
1.2082 0.43627
1.2086 0.49634
1.2087 0.55511
1.2084 0.61259
1.2079 0.6688
1.207 0.72378
1.2058 0.77762
1.2043 0.83043
1.2025 0.88216
1.2005 0.93061
1.1981 0.97701
1.1956 1.0217
1.1928 1.065
1.1894 1.1072
1.1855 1.1485
1.1814 1.1892
1.1768 1.2295
1.1719 1.27
1.1666 1.311
1.161 1.3521
1.155 1.393
1.1487 1.4333
1.142 1.4727
1.135 1.5114
1.1276 1.5493
1.1199 1.5866
1.1119 1.6232
1.1034 1.6596
1.0938 1.6958
1.0813 1.7321
1.0678 1.7688
1.054 1.806
1.0397 1.8439
1.0249 1.8832
1.0096 1.9224
0.99373 1.9624
0.97725 2.0033
0.96017 2.0452
0.94247 2.0881
0.92415 2.1313
0.90521 2.1737
0.88565 2.2142
0.86545 2.2527
0.84463 2.2894
0.82368 2.3245
0.80171 2.3575
0.77697 2.388
0.75043 2.4153
0.72608 2.4381
0.70351 2.4556
0.67997 2.4682
0.65367 2.4775
0.62381 2.4852
0.59001 2.4919
0.55176 2.4979
0.50806 2.5028
0.4726 2.5064
0.43582 2.509
0.39775 2.5114
0.33865 2.5146
0.27068 2.5187
0.19341 2.5234
0.14453 2.5281
0.054549 2.5326
-0.042566 2.5364
-0.14346 2.5398
-0.24281 2.542
-0.3321 2.5428
-0.4015 2.5419
-0.45346 2.5392
-0.50179 2.5347
-0.55021 2.5283
-0.59687 2.5201
-0.64689 2.5099
-0.69485 2.4974
-0.74078 2.4826
-0.78472 2.4656
-0.82675 2.4465
-0.867 2.4256
-0.90571 2.403
-0.94346 2.3788
-0.98176 2.353
-1.0254 2.3256
-1.0917 2.2965
-1.1544 2.2656
-1.1975 2.2329
-1.2097 2.1986
-1.2108 2.1629
-1.2108 2.1259
-1.2108 2.0877
-1.2108 2.0485
-1.2108 2.0085
-1.2108 1.9679
-1.2108 1.927
-1.2108 1.886
-1.2108 1.8451
-1.2108 1.804
-1.2108 1.7626
-1.2108 1.7207
-1.2108 1.6779
-1.2108 1.6339
-1.2108 1.5883
-1.2108 1.5411
-1.2108 1.4921
-1.2108 1.4414
-1.2108 1.389
-1.2108 1.3353
-1.2108 1.2802
-1.2108 1.2242
-1.2108 1.1674
-1.2108 1.1102
-1.2108 1.0528
-1.2108 0.99547
-1.2108 0.93851
-1.2108 0.88192
-1.2108 0.82552
-1.2108 0.76918
-1.2108 0.71286
-1.2108 0.6566
-1.2108 0.60026
-1.2108 0.54373
-1.2108 0.48708
-1.2108 0.43034
-1.2108 0.37352
-1.2108 0.31665
-1.2108 0.25973
-1.2108 0.20288
-1.2108 0.14603
-1.2108 0.08911
-1.2108 0.03224
-1.2108 -0.02457
-1.2108 -0.081303
-1.2108 -0.13793
-1.2108 -0.19443
-1.2108 -0.2507
-1.2108 -0.30687
-1.2108 -0.36308
-1.2108 -0.41929
-1.2108 -0.47556
-1.2108 -0.53187
-1.2108 -0.58832
-1.2108 -0.64507
-1.2108 -0.70216
-1.2108 -0.75958
-1.2108 -0.81714
-1.2108 -0.87464
-1.2108 -0.93191
-1.2108 -0.98867
-1.2108 -1.0447
-1.2108 -1.0997
-1.2108 -1.1533
-1.2108 -1.2052
-1.2108 -1.2551
-1.2108 -1.3031
-1.2108 -1.3494
-1.2108 -1.3941
-1.2108 -1.4374
-1.2107 -1.4796
-1.2086 -1.5209
-1.1977 -1.5615
-1.1837 -1.6024
-1.1726 -1.6426
-1.1628 -1.6828
-1.1531 -1.7235
-1.1429 -1.7648
-1.1321 -1.8068
-1.1207 -1.8492
-1.1084 -1.8908
-1.095 -1.9311
-1.0795 -1.9697
-1.0608 -2.0067
-1.0385 -2.042
-1.013 -2.0752
-0.98552 -2.1057
-0.95681 -2.1328
-0.92728 -2.1556
-0.89709 -2.1741
-0.8663 -2.1884
-0.83507 -2.1988
-0.80391 -2.206
-0.77406 -2.2108
-0.7471 -2.2139
-0.71697 -2.2159
-0.67816 -2.2168
-0.63728 -2.217
-0.59632 -2.2171
-0.55535 -2.2184
-0.51438 -2.221
-0.47342 -2.2245
-0.43245 -2.2284
-0.39149 -2.2327
-0.35052 -2.2372
-0.30955 -2.2418
-0.26859 -2.246
-0.22762 -2.2497
-0.18666 -2.2527
-0.14569 -2.255
-0.10472 -2.2564
-0.063758 -2.2571
-0.022792 -2.257
0.018174 -2.2565
0.05914 -2.2558
0.10011 -2.2553
0.14107 -2.2551
0.18204 -2.2551
0.223 -2.2551
0.26397 -2.2551
0.30494 -2.2551
0.3459 -2.2551
0.38687 -2.2551
0.42783 -2.2551
0.46886 -2.2551
0.5104 -2.2551
0.55176 -2.2554
0.59303 -2.2559
0.63394 -2.2567
0.67431 -2.2575
0.71401 -2.2581
0.75253 -2.2583
0.79078 -2.2578
0.82826 -2.2563
0.8649 -2.2537
0.9007 -2.2498
0.93561 -2.2447
0.96932 -2.2381
1.0011 -2.2297
1.0305 -2.2187
1.0573 -2.2045
1.0815 -2.1869
1.1033 -2.1656
1.1225 -2.1405
1.1392 -2.1114
1.1534 -2.0782
1.165 -2.0406
1.1741 -1.9987
1.1814 -1.9524
1.1875 -1.9025
1.1926 -1.8495
1.197 -1.7942
1.2004 -1.737
1.2032 -1.6784
1.2056 -1.6187
1.2069 -1.5582
1.2075 -1.4971
1.2075 -1.4361
1.2072 -1.3753
1.2068 -1.3149
1.2062 -1.2546
1.2062 -1.1945
1.2062 -1.1347
1.2062 -1.0745
1.2062 -1.0142
1.2062 -0.95385
1.2062 -0.89353
1.2062 -0.83324
1.2062 -0.77347
1.2062 -0.71371
1.2062 -0.6539
1.2062 -0.59408
1.2062 -0.53428
1.2062 -0.47453
1.2062 -0.41483
1.2062 -0.35519
1.2062 -0.29561
1.2062 -0.23607
1.2062 -0.17658
1.2062 -0.11713
1.2062 -0.057704
