1.547 0.065411
1.547 0.10908
1.547 0.19641
1.547 0.24008
1.547 0.32741
1.547 0.37108
1.547 0.45841
1.547 0.50208
1.547 0.58941
1.547 0.67674
1.547 0.72041
1.547 0.80774
1.547 0.85141
1.547 0.93874
1.547 0.98241
1.547 1.0697
1.547 1.1571
1.547 1.2007
1.547 1.2881
1.547 1.3317
1.547 1.4191
1.547 1.4627
1.547 1.5501
1.547 1.5937
1.547 1.6811
1.547 1.7684
1.547 1.8121
1.547 1.8994
1.547 1.9431
1.547 2.0304
1.547 2.0741
1.547 2.1614
1.547 2.2051
1.5034 2.2487
1.5034 2.2924
1.4597 2.3361
1.416 2.3797
1.3724 2.4234
1.3287 2.4234
1.285 2.4671
1.2414 2.4671
0.018714 2.4671
-0.024952 2.4671
-0.068619 2.4671
-0.11229 2.4671
-0.15595 2.4671
-0.19962 2.4671
-0.24329 2.4671
-0.28695 2.4671
-0.33062 2.4671
-0.37429 2.4671
-0.41795 2.4671
-0.46162 2.4671
-0.50529 2.4671
-0.54895 2.4671
-0.59262 2.4671
-0.63629 2.4671
-0.67995 2.4671
-0.72362 2.4671
-0.76728 2.4671
-0.81095 2.4671
-0.85462 2.4671
-0.89828 2.4671
-0.94195 2.4671
-0.98562 2.4671
-1.0293 2.4671
-1.073 2.4671
-1.1166 2.4671
-1.1603 2.4234
-1.1603 2.3797
-1.204 2.3797
-1.2476 2.3361
-1.2476 2.2924
-1.2913 2.2487
-1.2913 2.2051
-1.2913 2.1614
-1.2913 2.0741
-1.2913 2.0304
-1.2913 1.9867
-1.2913 1.9431
-1.2913 1.8557
-1.2913 1.8121
-1.2913 1.7684
-1.2913 1.6811
-1.2913 1.6374
-1.2913 1.5937
-1.2913 1.5501
-1.2913 1.4627
-1.2913 1.4191
-1.2913 1.3754
-1.2913 1.2881
-1.2913 1.2444
-1.2913 1.2007
-1.2913 1.1571
-1.2913 1.0697
-1.2913 1.0261
-1.2913 0.98241
-1.2913 0.89508
-1.2913 0.85141
-1.2913 0.80774
-1.2913 0.76408
-1.2913 0.67674
-1.2913 0.63308
-1.2913 0.58941
-1.2913 0.54574
-1.2913 0.45841
-1.2913 0.41474
-1.2913 0.37108
-1.2913 0.28374
-1.2913 0.24008
-1.2913 0.19641
-1.2913 0.15274
-1.2913 0.065411
-1.2913 0.021744
-1.2913 -0.021922
-1.2913 -0.10926
-1.2913 -0.15292
-1.2913 -0.19659
-1.2913 -0.24026
-1.2913 -0.32759
-1.2913 -0.37126
-1.2913 -0.41492
-1.2913 -0.50226
-1.2913 -0.54592
-1.2913 -0.58959
-1.2913 -0.63326
-1.2913 -0.67692
-1.2913 -0.72059
-1.2913 -0.76426
-1.2913 -0.80792
-1.2913 -0.85159
-1.2913 -0.89525
-1.2913 -0.93892
-1.2913 -0.98259
-1.2913 -1.0263
-1.2913 -1.0699
-1.2913 -1.1136
-1.2913 -1.1573
-1.2913 -1.2009
-1.2913 -1.2446
-1.2913 -1.2883
-1.2913 -1.3319
-1.2913 -1.3756
-1.2913 -1.4193
-1.2913 -1.4629
-1.2913 -1.5066
-1.2913 -1.5503
-1.2913 -1.5939
-1.2913 -1.6376
-1.2476 -1.6813
-1.204 -1.7249
-1.1603 -1.7686
-1.1166 -1.8123
-1.073 -1.8123
-1.0293 -1.8123
-0.98562 -1.8123
-0.94195 -1.8123
-0.89828 -1.8123
-0.85462 -1.8123
-0.81095 -1.8123
-0.76728 -1.8559
-0.72362 -1.8559
-0.67995 -1.8559
-0.63629 -1.8559
-0.59262 -1.8559
-0.54895 -1.8559
-0.50529 -1.8559
-0.46162 -1.8559
-0.41795 -1.8559
-0.37429 -1.8559
-0.33062 -1.8559
-0.28695 -1.8559
-0.24329 -1.8559
-0.19962 -1.8559
-0.15595 -1.8996
-0.11229 -1.8996
-0.068619 -1.8996
-0.024952 -1.8996
0.018714 -1.8996
0.062381 -1.8996
0.10605 -1.8996
0.14971 -1.8996
0.19338 -1.8996
0.23705 -1.8996
0.28071 -1.8996
0.32438 -1.8996
0.36805 -1.8996
0.41171 -1.8996
0.45538 -1.8996
0.49905 -1.8996
0.54271 -1.8996
0.58638 -1.8996
0.63005 -1.8996
0.67371 -1.8996
0.71738 -1.8996
0.76105 -1.8996
0.80471 -1.8996
0.84838 -1.8996
0.89205 -1.8996
0.93571 -1.8996
0.97938 -1.8996
1.023 -1.8996
1.0667 -1.8996
1.1104 -1.8996
1.154 -1.8996
1.1977 -1.8996
1.2414 -1.8996
1.285 -1.8996
1.3287 -1.8996
1.3287 -1.8559
1.3724 -1.8123
1.416 -1.8123
1.416 -1.7686
1.4597 -1.7249
1.5034 -1.7249
1.5034 -1.6813
1.5034 -1.6376
1.5034 -1.5939
1.5034 -1.5503
1.5034 -1.5066
1.5034 -1.4629
1.5034 -1.4193
1.5034 -1.3756
1.5034 -1.3319
1.5034 -1.2883
1.5034 -1.2446
1.5034 -1.2009
1.547 -1.2009
1.547 -1.1136
1.547 -1.0263
1.547 -0.98259
1.547 -0.89525
1.547 -0.85159
1.547 -0.76426
1.547 -0.72059
1.547 -0.63326
1.547 -0.54592
1.547 -0.50226
1.547 -0.41492
1.547 -0.37126
1.547 -0.28392
1.547 -0.24026
1.547 -0.15292
1.547 -0.10926
1.547 -0.021922
