1.516 0.030475
1.516 0.098457
1.516 0.16644
1.516 0.23442
1.516 0.3024
1.516 0.37039
1.584 0.43837
1.584 0.50635
1.584 0.57433
1.584 0.64231
1.584 0.7103
1.584 0.77828
1.584 0.84626
1.584 0.91424
1.584 0.98222
1.584 1.0502
1.584 1.1182
1.584 1.1862
1.584 1.2542
1.584 1.3221
1.652 1.3901
1.584 1.3901
1.652 1.4581
1.652 1.5261
1.652 1.5941
1.652 1.662
1.584 1.73
1.516 1.798
1.4481 1.866
1.3801 1.934
1.3121 2.002
1.2441 2.002
1.1761 2.002
1.1081 2.002
1.0402 2.002
0.97218 2.002
0.90419 2.0699
0.83621 2.0699
0.76823 2.0699
0.70025 2.0699
0.63227 2.0699
0.56428 2.0699
0.4963 2.0699
0.42832 2.0699
0.36034 2.0699
0.29236 2.0699
0.22437 2.0699
0.15639 2.1379
0.08841 2.1379
0.020428 2.1379
-0.047554 2.1379
-0.11554 2.1379
-0.18352 2.1379
-0.2515 2.1379
-0.31948 2.1379
-0.38746 2.1379
-0.45545 2.1379
-0.52343 2.1379
-0.72737 2.1379
-0.79536 2.1379
-0.86334 2.1379
-0.93132 2.1379
-0.9993 2.1379
-1.0673 2.1379
-1.1353 2.1379
-1.1353 2.0699
-1.2032 2.0699
-1.2032 2.002
-1.2712 2.002
-1.2712 1.934
-1.3392 1.934
-1.3392 1.866
-1.3392 1.798
-1.4072 1.798
-1.4072 1.73
-1.4072 1.662
-1.4072 1.5941
-1.4072 1.5261
-1.4072 1.4581
-1.4072 1.3901
-1.4072 1.3221
-1.4072 1.2542
-1.4072 1.1862
-1.4072 1.1182
-1.4072 1.0502
-1.4752 0.98222
-1.4752 0.91424
-1.4752 0.84626
-1.4752 0.77828
-1.4752 0.7103
-1.4752 0.64231
-1.4752 0.57433
-1.4752 0.50635
-1.4752 0.43837
-1.4752 0.37039
-1.4752 0.3024
-1.4752 0.23442
-1.4752 0.16644
-1.5432 0.16644
-1.5432 0.098457
-1.5432 0.030475
-1.5432 -0.037507
-1.5432 -0.10549
-1.5432 -0.17347
-1.5432 -0.24145
-1.5432 -0.30944
-1.5432 -0.37742
-1.5432 -0.4454
-1.5432 -0.51338
-1.5432 -0.58136
-1.6111 -0.64935
-1.6111 -0.71733
-1.6111 -0.78531
-1.6111 -0.85329
-1.6111 -0.92127
-1.6111 -0.98926
-1.6111 -1.0572
-1.6111 -1.1252
-1.6111 -1.1932
-1.6111 -1.2612
-1.6111 -1.3292
-1.6111 -1.3971
-1.6111 -1.4651
-1.6111 -1.5331
-1.6111 -1.6011
-1.6111 -1.6691
-1.6111 -1.7371
-1.5432 -1.805
-1.4752 -1.805
-1.4072 -1.873
-1.3392 -1.873
-1.2712 -1.873
-1.2032 -1.873
-1.1353 -1.873
-1.0673 -1.873
-0.9993 -1.873
-0.93132 -1.873
-0.86334 -1.873
-0.79536 -1.873
-0.79536 -1.941
-0.72737 -1.941
-0.65939 -1.941
-0.59141 -1.941
-0.52343 -1.941
-0.45545 -1.941
-0.38746 -1.941
-0.31948 -1.941
-0.2515 -1.941
-0.18352 -1.941
-0.11554 -2.009
-0.047554 -2.009
0.020428 -2.009
0.08841 -2.009
0.15639 -2.009
0.22437 -2.009
0.29236 -2.009
0.36034 -2.009
0.42832 -2.009
0.4963 -2.009
0.56428 -2.009
0.63227 -2.009
0.70025 -2.009
0.76823 -2.009
0.83621 -2.009
0.90419 -2.009
0.97218 -2.077
1.0402 -2.077
1.1081 -2.077
1.1761 -2.077
1.2441 -2.077
1.2441 -2.009
1.3121 -2.009
1.3121 -1.941
1.3801 -1.941
1.3801 -1.873
1.3801 -1.805
1.3801 -1.7371
1.3801 -1.6691
1.4481 -1.6691
1.4481 -1.6011
1.4481 -1.5331
1.4481 -1.4651
1.4481 -1.3971
1.4481 -1.3292
1.4481 -1.2612
1.4481 -1.1932
1.4481 -1.1252
1.4481 -1.0572
1.4481 -0.98926
1.4481 -0.92127
1.4481 -0.85329
1.4481 -0.78531
1.4481 -0.71733
1.4481 -0.64935
1.516 -0.58136
1.516 -0.51338
1.516 -0.4454
1.516 -0.37742
1.516 -0.30944
1.516 -0.24145
1.516 -0.17347
1.516 -0.10549
1.516 -0.037507
