1.7223 0.030674
1.7525 0.060892
1.7525 0.091111
1.7525 0.15155
1.7525 0.18177
1.7525 0.2422
1.7525 0.27242
1.7525 0.30264
1.7525 0.36308
1.7525 0.3933
1.7525 0.42351
1.7525 0.48395
1.7525 0.51417
1.7525 0.57461
1.7525 0.60482
1.7525 0.63504
1.7525 0.69548
1.7525 0.7257
1.7827 0.75592
1.7827 0.78614
1.7827 0.81635
1.7827 0.84657
1.7525 0.87679
1.7525 0.90701
1.7525 0.93723
1.7525 0.96745
1.7525 0.99766
1.7525 1.0279
1.7525 1.0581
1.7525 1.0883
1.7525 1.1185
1.7525 1.1488
1.7525 1.179
1.7525 1.2092
1.7525 1.2394
1.7223 1.2696
1.7223 1.2998
1.7223 1.3301
1.7223 1.3603
1.7223 1.3905
1.7223 1.4207
1.7223 1.4509
1.7223 1.4812
1.7223 1.5114
1.7223 1.5416
1.7223 1.5718
1.7223 1.602
1.7223 1.6323
1.6921 1.6625
1.6921 1.6927
1.6618 1.7229
1.6316 1.7229
1.6014 1.7531
1.5712 1.7531
1.541 1.7531
1.541 1.7833
1.5107 1.7833
1.4805 1.7833
1.4503 1.7833
1.4503 1.8136
1.4201 1.8136
1.3899 1.8136
1.3596 1.8438
1.3294 1.8438
1.2992 1.8438
1.2992 1.874
1.269 1.874
1.2388 1.874
1.2086 1.874
1.2086 1.9042
1.1783 1.9042
1.1481 1.9042
-0.45346 1.9344
-0.48368 1.9344
-0.5139 1.9344
-0.54411 1.9344
-0.57433 1.9344
-0.60455 1.9344
-0.63477 1.9344
-0.66499 1.9344
-0.69521 1.9344
-0.72543 1.9344
-0.75564 1.9344
-0.78586 1.9344
-0.81608 1.9344
-0.8463 1.9344
-0.87652 1.9344
-0.90674 1.9344
-0.93695 1.9344
-0.96717 1.9344
-0.99739 1.9344
-1.0276 1.9344
-1.0578 1.9344
-1.088 1.9344
-1.1183 1.9344
-1.1485 1.9344
-1.1787 1.9344
-1.2089 1.9344
-1.2391 1.9344
-1.2694 1.9344
-1.2996 1.9344
-1.3298 1.9344
-1.36 1.9344
-1.3902 1.9344
-1.4205 1.9344
-1.4507 1.9344
-1.4809 1.9344
-1.5111 1.9344
-1.5413 1.9344
-1.5413 1.9042
-1.5715 1.9042
-1.5715 1.874
-1.6018 1.874
-1.6018 1.8438
-1.6018 1.8136
-1.632 1.8136
-1.632 1.7833
-1.632 1.7531
-1.632 1.7229
-1.632 1.6927
-1.632 1.6625
-1.6622 1.6323
-1.6622 1.5718
-1.6622 1.5416
-1.6622 1.4812
-1.6622 1.4509
-1.6622 1.3905
-1.6924 1.3603
-1.6924 1.2998
-1.6924 1.2696
-1.6924 1.2092
-1.6924 1.179
-1.6924 1.1185
-1.7226 1.0883
-1.7226 1.0279
-1.7226 0.99766
-1.7226 0.93723
-1.7226 0.90701
-1.7226 0.84657
-1.7529 0.81635
-1.7529 0.75592
-1.7529 0.7257
-1.7529 0.66526
-1.7529 0.63504
-1.7529 0.57461
-1.7529 0.51417
-1.7831 0.48395
-1.7831 0.42351
-1.7831 0.3933
-1.7831 0.33286
-1.7831 0.30264
-1.7831 0.2422
-1.8133 0.21198
-1.8133 0.15155
-1.8133 0.12133
-1.8133 0.060892
-1.8133 0.030674
-1.8133 -0.029763
-1.8435 -0.059982
-1.8435 -0.12042
-1.8435 -0.15064
-1.8435 -0.21107
-1.8435 -0.24129
-1.8435 -0.30173
-1.8737 -0.33195
-1.8737 -0.39239
-1.8737 -0.4226
-1.8737 -0.48304
-1.8737 -0.51326
-1.8737 -0.5737
-1.8737 -0.63413
-1.8737 -0.66435
-1.8737 -0.69457
-1.8737 -0.72479
-1.8737 -0.75501
-1.8737 -0.78523
-1.8737 -0.81544
-1.8737 -0.84566
-1.8737 -0.87588
-1.8737 -0.9061
-1.8737 -0.93632
-1.8737 -0.96654
-1.8737 -0.99675
-1.8737 -1.027
-1.8737 -1.0572
-1.8737 -1.0874
-1.8737 -1.1176
-1.8737 -1.1478
-1.8737 -1.1781
-1.8737 -1.2083
-1.8737 -1.2385
-1.8737 -1.2687
-1.8435 -1.2989
-1.8133 -1.2989
-1.7831 -1.3292
-1.7529 -1.3292
-1.7226 -1.3594
-1.6924 -1.3594
-1.6622 -1.3896
-1.632 -1.3896
-1.6018 -1.4198
-1.5715 -1.4198
-1.5413 -1.4198
-1.4809 -1.4198
-1.4507 -1.4198
-1.4205 -1.4198
-1.36 -1.4198
-1.3298 -1.4198
-1.2996 -1.4198
-1.2391 -1.4198
-1.2089 -1.45
-1.1787 -1.45
-1.1183 -1.45
-1.088 -1.45
-1.0578 -1.45
-0.99739 -1.45
-0.96717 -1.45
-0.93695 -1.45
-0.87652 -1.45
-0.8463 -1.45
-0.81608 -1.4802
-0.75564 -1.4802
-0.72543 -1.4802
-0.69521 -1.4802
-0.63477 -1.4802
-0.60455 -1.4802
-0.57433 -1.4802
-0.5139 -1.4802
-0.48368 -1.4802
-0.45346 -1.4802
-0.39302 -1.5105
-0.3628 -1.5105
-0.33259 -1.5105
-0.27215 -1.5105
-0.24193 -1.5105
-0.21171 -1.5105
-0.15127 -1.5105
-0.12106 -1.5105
-0.090837 -1.5105
-0.030401 -1.5105
-0.00018204 -1.5407
0.030036 -1.5407
0.090473 -1.5407
0.12069 -1.5407
0.15091 -1.5407
0.21135 -1.5407
0.24157 -1.5407
0.27178 -1.5407
0.33222 -1.5407
0.36244 -1.5407
0.42288 -1.5709
0.4531 -1.5709
0.48331 -1.5709
0.51353 -1.5709
0.54375 -1.5709
0.57397 -1.5709
0.60419 -1.5709
0.63441 -1.5709
0.66462 -1.5709
0.69484 -1.5709
0.72506 -1.5709
0.75528 -1.5709
0.7855 -1.5709
0.81572 -1.5709
0.84594 -1.5709
0.87615 -1.6011
0.90637 -1.6011
0.93659 -1.6011
0.96681 -1.6011
0.99703 -1.6011
1.0272 -1.6011
1.0575 -1.6011
1.0877 -1.6011
1.1179 -1.6011
1.1481 -1.6011
1.1783 -1.6011
1.2086 -1.6011
1.2388 -1.6011
1.269 -1.6011
1.2992 -1.6011
1.3294 -1.6011
1.3596 -1.6313
1.3899 -1.6313
1.4201 -1.6313
1.4503 -1.6313
1.4503 -1.6011
1.4805 -1.6011
1.5107 -1.6011
1.5107 -1.5709
1.541 -1.5407
1.5712 -1.5407
1.5712 -1.5105
1.6014 -1.4802
1.6316 -1.4802
1.6316 -1.45
1.6316 -1.4198
1.6618 -1.4198
1.6618 -1.3896
1.6618 -1.3594
1.6618 -1.3292
1.6921 -1.3292
1.6921 -1.2687
1.6921 -1.2385
1.6921 -1.1781
1.6921 -1.1478
1.6921 -1.1176
1.6921 -1.0572
1.6921 -1.027
1.6921 -0.96654
1.6921 -0.93632
1.6921 -0.9061
1.6921 -0.84566
1.6921 -0.81544
1.6921 -0.78523
1.6921 -0.72479
1.6921 -0.69457
1.6921 -0.63413
1.7223 -0.60391
1.7223 -0.5737
1.7223 -0.51326
1.7223 -0.48304
1.7223 -0.45282
1.7223 -0.39239
1.7223 -0.36217
1.7223 -0.30173
1.7223 -0.27151
1.7223 -0.24129
1.7223 -0.18086
1.7223 -0.15064
1.7223 -0.0902
1.7223 -0.059982
1.7223 -0.029763
