2.0412 0.15464
2.0412 0.32989
2.2165 0.50515
2.0412 0.50515
2.2165 0.6804
2.2165 0.85566
2.0412 1.0309
2.0412 1.2062
1.866 1.3814
1.6907 1.5567
1.5154 1.7319
1.3402 1.7319
1.1649 1.9072
0.98968 1.9072
-0.23711 1.9072
-0.41237 1.9072
-0.58762 1.9072
-0.76288 1.9072
-0.93813 1.9072
-1.1134 1.9072
-1.2886 1.9072
-1.4639 1.7319
-1.4639 1.5567
-1.6392 1.5567
-1.8144 1.3814
-1.8144 1.2062
-1.8144 1.0309
-1.8144 0.85566
-1.8144 0.6804
-1.8144 0.50515
-1.8144 0.32989
-1.8144 0.15464
-1.8144 -0.020618
-1.8144 -0.19587
-1.8144 -0.37113
-1.8144 -0.54639
-1.8144 -0.72164
-1.8144 -0.8969
-1.8144 -1.0722
-1.8144 -1.2474
-1.6392 -1.4227
-1.4639 -1.5979
-1.2886 -1.7732
-1.1134 -1.7732
-0.93813 -1.7732
-0.76288 -1.7732
-0.58762 -1.5979
-0.58762 -1.7732
-0.41237 -1.5979
-0.23711 -1.5979
-0.061855 -1.5979
0.1134 -1.4227
0.28866 -1.4227
0.46391 -1.4227
0.63917 -1.4227
0.81442 -1.2474
0.98968 -1.2474
1.1649 -1.2474
1.3402 -1.2474
1.5154 -1.2474
1.5154 -1.0722
1.6907 -0.8969
1.866 -0.72164
2.0412 -0.72164
2.0412 -0.54639
2.0412 -0.37113
2.0412 -0.19587
2.0412 -0.020618
