1.8917 0.010949
1.8917 0.063436
1.8917 0.089679
1.8917 0.11592
1.8917 0.16841
1.8917 0.19465
1.8917 0.2209
1.8917 0.24714
1.8917 0.29963
1.8917 0.32587
1.8917 0.35211
1.918 0.37836
1.918 0.43084
1.918 0.45709
1.918 0.48333
1.918 0.53582
1.918 0.56206
1.918 0.5883
1.918 0.61455
1.918 0.66703
1.918 0.69328
1.918 0.71952
1.918 0.77201
1.918 0.79825
1.9442 0.82449
1.9442 0.85074
1.9442 0.90322
1.9442 0.92947
1.9442 0.95571
1.9442 1.0082
1.9442 1.0344
1.9442 1.0607
1.9442 1.0869
1.9442 1.1394
1.9442 1.1657
1.9442 1.1919
1.9705 1.2181
1.9705 1.2444
1.9705 1.2706
1.9705 1.2969
1.9705 1.3231
1.9705 1.3494
1.9442 1.3756
1.9442 1.4018
1.918 1.4018
1.8917 1.4281
1.8655 1.4543
1.8392 1.4543
1.8392 1.4806
1.813 1.4806
1.813 1.5068
1.7868 1.5068
1.7605 1.5331
1.7343 1.5331
1.7343 1.5593
1.708 1.5593
1.708 1.5856
1.6818 1.5856
1.6555 1.6118
1.6293 1.638
1.603 1.638
1.603 1.6643
1.5768 1.6643
1.5768 1.6905
1.5506 1.6905
1.5243 1.7168
1.4981 1.7168
1.4981 1.743
1.4718 1.743
1.4718 1.7693
1.4456 1.7693
1.4193 1.7955
1.3931 1.7955
1.3669 1.8217
1.3406 1.8217
1.3144 1.848
1.2881 1.848
1.2619 1.848
1.2356 1.848
1.2094 1.848
1.1832 1.848
1.1569 1.848
1.1307 1.848
1.1307 1.8742
1.1044 1.8742
1.0782 1.8742
1.0519 1.8742
1.0257 1.8742
0.99945 1.8742
0.97321 1.8742
0.94696 1.8742
0.92072 1.9005
0.89448 1.9005
0.86823 1.9005
0.84199 1.9005
0.81575 1.9005
0.7895 1.9005
0.76326 1.9005
0.73702 1.9005
0.73702 1.9267
0.71077 1.9267
0.68453 1.9267
0.65829 1.9267
0.63204 1.9267
0.6058 1.9267
0.57956 1.9267
0.55331 1.9267
-0.68013 1.953
-0.70637 1.953
-0.73261 1.953
-0.75886 1.953
-0.7851 1.953
-0.81134 1.953
-0.83759 1.953
-0.86383 1.953
-0.89007 1.953
-0.91632 1.953
-0.94256 1.953
-0.9688 1.953
-0.99505 1.953
-1.0213 1.953
-1.0475 1.953
-1.0738 1.953
-1.1 1.9267
-1.1263 1.9267
-1.1525 1.9267
-1.1525 1.9005
-1.1788 1.9005
-1.205 1.9005
-1.2312 1.8742
-1.2575 1.8742
-1.2837 1.8742
-1.2837 1.848
-1.31 1.848
-1.3362 1.848
-1.3625 1.848
-1.3887 1.8217
-1.4149 1.8217
-1.4412 1.8217
-1.4412 1.7955
-1.4674 1.7955
-1.4937 1.7955
-1.5199 1.7693
-1.5462 1.7693
-1.5724 1.7693
-1.5724 1.743
-1.5986 1.743
-1.6249 1.7168
-1.6249 1.6905
-1.6511 1.6905
-1.6774 1.6643
-1.6774 1.638
-1.7036 1.638
-1.7036 1.6118
-1.7036 1.5856
-1.7036 1.5593
-1.7036 1.5331
-1.7036 1.5068
-1.7299 1.5068
-1.7299 1.4806
-1.7299 1.4543
-1.7299 1.4281
-1.7299 1.4018
-1.7299 1.3756
-1.7299 1.3494
-1.7299 1.3231
-1.7299 1.2969
-1.7299 1.2706
-1.7561 1.2706
-1.7561 1.2444
-1.7561 1.2181
-1.7561 1.1919
-1.7561 1.1657
-1.7561 1.1394
-1.7561 1.1132
-1.7561 1.0869
-1.7561 1.0607
-1.7561 1.0344
-1.7824 1.0082
-1.7824 0.98195
-1.7824 0.95571
-1.7824 0.92947
-1.7824 0.90322
-1.7824 0.87698
-1.7824 0.85074
-1.7824 0.82449
-1.7824 0.79825
-1.7824 0.77201
-1.8086 0.74576
-1.8086 0.71952
-1.8086 0.69328
-1.8086 0.66703
-1.8086 0.64079
-1.8086 0.61455
-1.8086 0.5883
-1.8086 0.56206
-1.8086 0.53582
-1.8086 0.50957
-1.8348 0.48333
-1.8348 0.45709
-1.8348 0.43084
-1.8348 0.4046
-1.8348 0.37836
-1.8348 0.35211
-1.8348 0.32587
-1.8348 0.29963
-1.8348 0.27338
-1.8348 0.24714
-1.8611 0.2209
-1.8611 0.19465
-1.8611 0.16841
-1.8611 0.14217
-1.8611 0.11592
-1.8611 0.089679
-1.8611 0.063436
-1.8611 0.037192
-1.8611 0.010949
-1.8873 -0.015295
-1.8611 -0.015295
-1.8873 -0.041538
-1.8873 -0.067781
-1.8873 -0.094025
-1.8873 -0.12027
-1.8873 -0.14651
-1.8873 -0.17275
-1.8873 -0.199
-1.8873 -0.22524
-1.8873 -0.25149
-1.8873 -0.27773
-1.8873 -0.30397
-1.8873 -0.33022
-1.8873 -0.35646
-1.8873 -0.3827
-1.8873 -0.40895
-1.8873 -0.43519
-1.8873 -0.46143
-1.9136 -0.48768
-1.9136 -0.51392
-1.9136 -0.54016
-1.9136 -0.56641
-1.9136 -0.59265
-1.9136 -0.61889
-1.9136 -0.64514
-1.9136 -0.67138
-1.9136 -0.69762
-1.9136 -0.72387
-1.9136 -0.75011
-1.9136 -0.77635
-1.9136 -0.8026
-1.9136 -0.82884
-1.9136 -0.85508
-1.9136 -0.88133
-1.9136 -0.90757
-1.9136 -0.93381
-1.9136 -0.96006
-1.9136 -0.9863
-1.9136 -1.0125
-1.9136 -1.0388
-1.9136 -1.065
-1.8873 -1.0913
-1.8611 -1.1175
-1.8348 -1.1438
-1.8086 -1.1438
-1.7824 -1.17
-1.7561 -1.17
-1.7299 -1.17
-1.7036 -1.17
-1.7036 -1.1962
-1.6774 -1.1962
-1.6511 -1.1962
-1.6249 -1.1962
-1.6249 -1.2225
-1.5986 -1.2225
-1.5724 -1.2225
-1.5462 -1.2225
-1.5462 -1.2487
-1.5199 -1.2487
-1.4937 -1.2487
-1.4674 -1.2487
-1.4674 -1.275
-1.4412 -1.275
-1.4149 -1.275
-1.3887 -1.275
-1.3887 -1.3012
-1.3625 -1.3012
-1.3362 -1.3012
-1.31 -1.3012
-1.2837 -1.3275
-1.2575 -1.3275
-1.2312 -1.3275
-1.205 -1.3275
-1.1788 -1.3537
-1.1525 -1.3537
-1.1263 -1.3537
-1.1 -1.3537
-1.0738 -1.3537
-1.0475 -1.3537
-1.0475 -1.38
-1.0213 -1.38
-0.99505 -1.38
-0.9688 -1.38
-0.94256 -1.38
-0.91632 -1.38
-0.91632 -1.4062
-0.89007 -1.4062
-0.86383 -1.4062
-0.83759 -1.4062
-0.81134 -1.4062
-0.7851 -1.4062
-0.7851 -1.4324
-0.75886 -1.4324
-0.73261 -1.4324
-0.70637 -1.4324
-0.68013 -1.4324
-0.65388 -1.4324
-0.62764 -1.4587
-0.6014 -1.4587
-0.57515 -1.4587
-0.54891 -1.4587
-0.52267 -1.4587
-0.49642 -1.4587
-0.47018 -1.4587
-0.44394 -1.4849
-0.41769 -1.4849
-0.39145 -1.4849
-0.36521 -1.4849
-0.33896 -1.4849
-0.31272 -1.4849
-0.28648 -1.4849
-0.26023 -1.4849
-0.23399 -1.4849
-0.20775 -1.4849
-0.1815 -1.4849
-0.15526 -1.4849
-0.12902 -1.4849
-0.10277 -1.4849
-0.076529 -1.5112
-0.050286 -1.5112
-0.024042 -1.5112
0.0022011 -1.5112
0.028444 -1.5112
0.054688 -1.5112
0.080931 -1.5112
0.10717 -1.5112
0.13342 -1.5112
0.15966 -1.5112
0.1859 -1.5112
0.21215 -1.5112
0.23839 -1.5112
0.26464 -1.5112
0.29088 -1.5112
0.31712 -1.5374
0.34337 -1.5374
0.36961 -1.5374
0.39585 -1.5374
0.4221 -1.5374
0.44834 -1.5374
0.47458 -1.5374
0.50083 -1.5374
0.52707 -1.5374
0.55331 -1.5374
0.57956 -1.5374
0.6058 -1.5374
0.63204 -1.5374
0.65829 -1.5374
0.68453 -1.5374
0.71077 -1.5374
0.73702 -1.5374
0.76326 -1.5374
0.7895 -1.5374
0.81575 -1.5374
0.84199 -1.5374
0.86823 -1.5374
0.89448 -1.5374
0.92072 -1.5637
0.94696 -1.5637
0.97321 -1.5637
0.99945 -1.5637
1.0257 -1.5637
1.0519 -1.5637
1.0782 -1.5637
1.1044 -1.5637
1.1307 -1.5637
1.1569 -1.5637
1.1832 -1.5637
1.2094 -1.5637
1.2356 -1.5637
1.2619 -1.5637
1.2881 -1.5637
1.3144 -1.5637
1.3406 -1.5637
1.3669 -1.5637
1.3931 -1.5637
1.4193 -1.5637
1.4456 -1.5637
1.4718 -1.5637
1.4981 -1.5637
1.5243 -1.5899
1.5506 -1.5899
1.5768 -1.5899
1.603 -1.5899
1.603 -1.5637
1.6293 -1.5374
1.6555 -1.5374
1.6555 -1.5112
1.6818 -1.4849
1.708 -1.4849
1.708 -1.4587
1.708 -1.4324
1.7343 -1.4324
1.7343 -1.4062
1.7343 -1.38
1.7343 -1.3537
1.7605 -1.3537
1.7605 -1.3275
1.7605 -1.3012
1.7605 -1.275
1.7605 -1.2487
1.7605 -1.2225
1.7605 -1.1962
1.7605 -1.17
1.7605 -1.1438
1.7605 -1.1175
1.7868 -1.1175
1.7868 -1.0913
1.7868 -1.065
1.7868 -1.0388
1.7868 -1.0125
1.7868 -0.9863
1.7868 -0.96006
1.7868 -0.93381
1.7868 -0.90757
1.813 -0.90757
1.813 -0.88133
1.813 -0.85508
1.813 -0.82884
1.813 -0.8026
1.813 -0.77635
1.813 -0.75011
1.813 -0.72387
1.813 -0.69762
1.813 -0.67138
1.8392 -0.67138
1.8392 -0.64514
1.8392 -0.61889
1.8392 -0.59265
1.8392 -0.56641
1.8392 -0.54016
1.8392 -0.51392
1.8392 -0.48768
1.8392 -0.46143
1.8655 -0.46143
1.8655 -0.40895
1.8655 -0.3827
1.8655 -0.35646
1.8655 -0.30397
1.8655 -0.27773
1.8655 -0.25149
1.8655 -0.22524
1.8655 -0.17275
1.8655 -0.14651
1.8655 -0.12027
1.8655 -0.067781
1.8655 -0.041538
1.8917 -0.015295
