1.8175 0.092852
1.8175 0.24497
1.8175 0.39709
1.8175 0.54921
1.8175 0.70133
1.8175 0.85345
1.8175 1.0056
1.8175 1.1577
1.8175 1.3098
1.6654 1.4619
1.6654 1.614
1.5133 1.7662
1.3612 1.9183
1.209 2.0704
1.0569 2.0704
0.90481 2.2225
0.75269 2.2225
-1.0727 2.0704
-1.2249 2.0704
-1.377 2.0704
-1.377 1.9183
-1.5291 1.9183
-1.5291 1.7662
-1.6812 1.7662
-1.6812 1.614
-1.8333 1.614
-1.8333 1.4619
-1.8333 1.3098
-1.8333 1.1577
-1.8333 1.0056
-1.8333 0.85345
-1.8333 0.70133
-1.8333 0.54921
-1.8333 0.39709
-1.8333 0.24497
-1.8333 0.092852
-1.8333 -0.059267
-1.8333 -0.21139
-1.8333 -0.3635
-1.8333 -0.51562
-1.8333 -0.66774
-1.8333 -0.81986
-1.8333 -0.97198
-1.6812 -1.1241
-1.5291 -1.2762
-1.377 -1.4283
-1.2249 -1.5805
-1.0727 -1.5805
-0.92061 -1.5805
-0.7685 -1.5805
-0.61638 -1.5805
-0.46426 -1.5805
-0.31214 -1.5805
-0.16002 -1.5805
-0.0079023 -1.5805
0.14422 -1.5805
0.29634 -1.5805
0.44845 -1.5805
0.60057 -1.5805
0.75269 -1.5805
0.90481 -1.5805
1.0569 -1.5805
1.0569 -1.4283
1.209 -1.4283
1.3612 -1.4283
1.3612 -1.2762
1.5133 -1.2762
1.5133 -1.1241
1.6654 -1.1241
1.6654 -0.97198
1.6654 -0.81986
1.8175 -0.81986
1.8175 -0.66774
1.8175 -0.51562
1.8175 -0.3635
1.8175 -0.21139
1.8175 -0.059267
