1.778 0.015994
1.778 0.18393
1.778 0.35186
1.61 0.51979
1.61 0.68772
1.61 0.85566
1.61 1.0236
1.61 1.1915
1.4421 1.3595
1.2742 1.5274
1.1062 1.6953
0.93829 1.8633
0.77036 2.0312
0.60242 2.1991
0.43449 2.367
0.26656 2.535
-1.7486 1.8633
-1.9166 1.8633
-2.0845 1.6953
-2.0845 1.5274
-2.2524 1.5274
-2.4204 1.3595
-2.4204 1.1915
-2.4204 1.0236
-2.4204 0.85566
-2.4204 0.68772
-2.4204 0.51979
-2.4204 0.35186
-2.4204 0.18393
-2.2524 0.015994
-2.0845 -0.15194
-1.9166 -0.31987
-1.7486 -0.4878
-1.5807 -0.65574
-1.4128 -0.82367
-1.2448 -0.9916
-1.0769 -1.1595
-0.90897 -1.3275
-0.74104 -1.3275
-0.5731 -1.4954
-0.40517 -1.4954
-0.23724 -1.4954
-0.069305 -1.4954
0.098627 -1.4954
0.26656 -1.4954
0.43449 -1.4954
0.60242 -1.4954
0.77036 -1.4954
0.93829 -1.4954
1.1062 -1.4954
1.1062 -1.3275
1.2742 -1.3275
1.4421 -1.3275
1.4421 -1.1595
1.61 -1.1595
1.61 -0.9916
1.778 -0.9916
1.778 -0.82367
1.778 -0.65574
1.9459 -0.65574
1.9459 -0.4878
1.778 -0.31987
1.778 -0.15194
