1.4252 0.15836
1.4252 0.3695
1.2141 0.58064
1.2141 0.79179
1.2141 1.0029
1.2141 1.2141
1.2141 1.4252
1.2141 1.6364
1.0029 1.8475
1.0029 2.0586
0.79179 2.2698
0.58064 2.4809
0.3695 2.4809
0.15836 2.6921
-0.052786 2.6921
-0.47507 2.4809
-0.68621 2.4809
-0.89736 2.4809
-0.89736 2.2698
-1.1085 2.2698
-1.1085 2.0586
-1.1085 1.8475
-1.3196 1.8475
-1.3196 1.6364
-1.3196 1.4252
-1.3196 1.2141
-1.3196 1.0029
-1.3196 0.79179
-1.3196 0.58064
-1.3196 0.3695
-1.3196 0.15836
-1.3196 -0.052786
-1.3196 -0.26393
-1.3196 -0.47507
-1.3196 -0.68621
-1.3196 -0.89736
-1.3196 -1.1085
-1.3196 -1.3196
-1.3196 -1.5308
-1.3196 -1.7419
-1.1085 -1.9531
-0.89736 -2.1642
-0.68621 -2.1642
-0.47507 -2.3754
-0.26393 -2.3754
-0.052786 -2.3754
0.15836 -2.3754
0.3695 -2.3754
0.58064 -2.3754
0.58064 -2.1642
0.79179 -2.1642
1.0029 -2.1642
1.0029 -1.9531
1.2141 -1.9531
1.2141 -1.7419
1.2141 -1.5308
1.4252 -1.5308
1.4252 -1.3196
1.4252 -1.1085
1.4252 -0.89736
1.4252 -0.68621
1.4252 -0.47507
1.4252 -0.26393
1.4252 -0.052786
