1.8352 0.026238
1.8352 0.079569
1.8885 0.1329
1.8885 0.18623
1.9419 0.23956
1.9419 0.29289
1.9952 0.34622
1.9419 0.34622
1.9952 0.39955
2.0485 0.45288
1.9952 0.45288
1.9952 0.50621
1.9952 0.55954
1.9419 0.55954
1.9419 0.61287
1.8885 0.6662
1.8352 0.71953
1.8352 0.77286
1.7819 0.82619
1.7285 0.87952
1.7285 0.93285
1.6752 0.93285
1.6752 0.98618
1.6219 1.0395
1.6219 1.0928
1.5685 1.0928
1.5685 1.1462
1.5152 1.1462
1.5152 1.1995
1.4619 1.2528
1.4619 1.3062
1.4086 1.3062
1.4086 1.3595
1.3552 1.4128
1.3019 1.4662
1.3019 1.5195
1.2486 1.5728
1.1952 1.6261
1.1952 1.6795
1.1419 1.6795
1.1419 1.7328
1.0886 1.7861
1.0886 1.8395
1.0352 1.8395
1.0352 1.8928
0.98192 1.8928
0.98192 1.9461
0.92859 1.9995
0.87526 2.0528
0.82193 2.1061
0.7686 2.1594
0.71527 2.1594
0.66193 2.1594
0.6086 2.1594
0.55527 2.1594
0.50194 2.1594
0.44861 2.1594
0.39528 2.1594
0.34195 2.1594
0.28862 2.1594
0.23529 2.1594
0.18196 2.1594
0.12863 2.1594
0.075302 2.1594
0.021972 2.1594
-0.031358 2.1594
-0.084688 2.1594
-0.61799 2.1061
-0.67132 2.1061
-0.72465 2.1061
-0.77798 2.1061
-0.83131 2.1061
-0.88464 2.1061
-0.93797 2.1061
-0.9913 2.1061
-1.0446 2.1061
-1.098 2.1061
-1.1513 2.1061
-1.2046 2.1061
-1.258 2.1061
-1.3113 2.1061
-1.3113 2.0528
-1.3646 2.0528
-1.4179 2.0528
-1.4179 1.9995
-1.4713 1.9995
-1.4713 1.9461
-1.5246 1.9461
-1.5246 1.8928
-1.5779 1.8928
-1.5779 1.8395
-1.5779 1.7861
-1.5779 1.7328
-1.5779 1.6795
-1.5779 1.6261
-1.5779 1.5728
-1.5779 1.5195
-1.5779 1.4662
-1.5779 1.4128
-1.5779 1.3595
-1.5779 1.3062
-1.5779 1.2528
-1.5779 1.1995
-1.5779 1.1462
-1.5779 1.0928
-1.5779 1.0395
-1.5779 0.98618
-1.5779 0.93285
-1.5779 0.87952
-1.5779 0.82619
-1.5779 0.77286
-1.5779 0.71953
-1.5779 0.6662
-1.5779 0.61287
-1.5779 0.55954
-1.5779 0.50621
-1.5779 0.45288
-1.5779 0.39955
-1.5779 0.34622
-1.5246 0.29289
-1.5246 0.23956
-1.5246 0.18623
-1.5246 0.1329
-1.5246 0.079569
-1.5246 0.026238
-1.5246 -0.027092
-1.5246 -0.080422
-1.5246 -0.13375
-1.5246 -0.18708
-1.5246 -0.24041
-1.5246 -0.29374
-1.4713 -0.29374
-1.4713 -0.34707
-1.4713 -0.4004
-1.4713 -0.45373
-1.4713 -0.50706
-1.4713 -0.56039
-1.4713 -0.61372
-1.4713 -0.66705
-1.4713 -0.72038
-1.4713 -0.77371
-1.4713 -0.82705
-1.4713 -0.88038
-1.4713 -0.93371
-1.4179 -0.93371
-1.4179 -0.98704
-1.4179 -1.0404
-1.4179 -1.0937
-1.4179 -1.147
-1.4179 -1.2004
-1.4179 -1.2537
-1.4179 -1.307
-1.4179 -1.3603
-1.4179 -1.4137
-1.4179 -1.467
-1.4179 -1.5203
-1.3646 -1.5737
-1.3646 -1.627
-1.3113 -1.6803
-1.3113 -1.7337
-1.258 -1.7337
-1.258 -1.787
-1.2046 -1.8403
-1.2046 -1.8936
-1.1513 -1.8936
-1.1513 -1.947
-1.098 -2.0003
-1.0446 -2.0536
-0.9913 -2.107
-0.93797 -2.107
-0.88464 -2.1603
-0.83131 -2.1603
-0.77798 -2.1603
-0.72465 -2.1603
-0.67132 -2.1603
-0.61799 -2.1603
-0.56466 -2.1603
-0.51133 -2.1603
-0.458 -2.1603
-0.40467 -2.1603
-0.35134 -2.1603
-0.29801 -2.1603
-0.24468 -2.1603
-0.19135 -2.1603
-0.13802 -2.1603
-0.084688 -2.1603
-0.031358 -2.1603
0.021972 -2.1603
0.075302 -2.1603
0.075302 -2.107
0.12863 -2.107
0.18196 -2.107
0.23529 -2.107
0.28862 -2.107
0.34195 -2.107
0.39528 -2.107
0.44861 -2.107
0.50194 -2.107
0.55527 -2.107
0.6086 -2.107
0.66193 -2.107
0.71527 -2.107
0.7686 -2.107
0.7686 -2.0536
0.82193 -2.0003
0.87526 -2.0003
0.87526 -1.947
0.92859 -1.8936
0.98192 -1.8936
0.98192 -1.8403
0.98192 -1.787
1.0352 -1.7337
1.0352 -1.6803
1.0886 -1.6803
1.0886 -1.627
1.0886 -1.5737
1.1419 -1.5203
1.1419 -1.467
1.1952 -1.467
1.1952 -1.4137
1.1952 -1.3603
1.1952 -1.307
1.2486 -1.307
1.2486 -1.2537
1.2486 -1.2004
1.3019 -1.147
1.3019 -1.0937
1.3552 -1.0404
1.3552 -0.98704
1.4086 -0.93371
1.4086 -0.88038
1.4619 -0.82705
1.4619 -0.77371
1.5152 -0.72038
1.5152 -0.66705
1.5152 -0.61372
1.5685 -0.61372
1.5685 -0.56039
1.5685 -0.50706
1.6219 -0.50706
1.6219 -0.45373
1.6219 -0.4004
1.6219 -0.34707
1.6752 -0.34707
1.6752 -0.29374
1.6752 -0.24041
1.7285 -0.18708
1.7285 -0.13375
1.7819 -0.080422
1.7819 -0.027092
