1.815 0.06351
1.815 0.13203
1.815 0.20056
1.815 0.26908
1.815 0.3376
1.815 0.40613
1.815 0.47465
1.815 0.54318
1.815 0.6117
1.815 0.68022
1.815 0.74875
1.815 0.81727
1.815 0.88579
1.815 0.95432
1.8836 1.0228
1.815 1.0228
1.8836 1.0914
1.8836 1.1599
1.8836 1.2284
1.8836 1.2969
1.8836 1.3655
1.8836 1.434
1.8836 1.5025
1.8836 1.571
1.8836 1.6396
1.815 1.7081
1.815 1.7766
1.815 1.8451
1.7465 1.9137
1.7465 1.9822
1.678 2.0507
1.6095 2.1192
1.5409 2.1877
1.4724 2.1877
1.4039 2.2563
1.3354 2.2563
-1.4056 2.1877
-1.4741 2.1877
-1.5426 2.1877
-1.5426 2.1192
-1.6111 2.1192
-1.6111 2.0507
-1.6797 2.0507
-1.7482 1.9822
-1.7482 1.9137
-1.8167 1.9137
-1.8167 1.8451
-1.8167 1.7766
-1.8852 1.7766
-1.8852 1.7081
-1.8852 1.6396
-1.8852 1.571
-1.8852 1.5025
-1.8852 1.434
-1.8852 1.3655
-1.8852 1.2969
-1.8852 1.2284
-1.8852 1.1599
-1.8852 1.0914
-1.8852 1.0228
-1.8852 0.95432
-1.8852 0.88579
-1.8852 0.81727
-1.8852 0.74875
-1.8852 0.68022
-1.8852 0.6117
-1.8852 0.54318
-1.8852 0.47465
-1.8852 0.40613
-1.8852 0.3376
-1.8852 0.26908
-1.8852 0.20056
-1.8852 0.13203
-1.8852 0.06351
-1.8852 -0.0050139
-1.8852 -0.073538
-1.8852 -0.14206
-1.8852 -0.21059
-1.8852 -0.27911
-1.8852 -0.34763
-1.8852 -0.41616
-1.8852 -0.48468
-1.8852 -0.5532
-1.8852 -0.62173
-1.8852 -0.69025
-1.8852 -0.75877
-1.8852 -0.8273
-1.8852 -0.89582
-1.8852 -0.96435
-1.8852 -1.0329
-1.8167 -1.1014
-1.7482 -1.1699
-1.6797 -1.2384
-1.6111 -1.2384
-1.5426 -1.307
-1.4741 -1.307
-1.4056 -1.307
-1.337 -1.307
-1.2685 -1.307
-1.2 -1.307
-1.1315 -1.307
-1.063 -1.307
-0.99443 -1.307
-0.92591 -1.307
-0.85738 -1.307
-0.78886 -1.307
-0.72033 -1.307
-0.65181 -1.307
-0.58329 -1.307
-0.51476 -1.307
-0.44624 -1.307
-0.37772 -1.307
-0.30919 -1.307
-0.24067 -1.307
-0.17214 -1.307
-0.10362 -1.307
-0.035098 -1.307
0.033426 -1.307
0.10195 -1.3755
0.17047 -1.3755
0.239 -1.3755
0.30752 -1.3755
0.37604 -1.3755
0.44457 -1.3755
0.51309 -1.3755
0.58162 -1.3755
0.65014 -1.3755
0.71866 -1.3755
0.78719 -1.3755
0.85571 -1.3755
0.92423 -1.3755
0.99276 -1.3755
1.0613 -1.3755
1.1298 -1.3755
1.1983 -1.3755
1.2669 -1.3755
1.3354 -1.3755
1.3354 -1.307
1.4039 -1.307
1.4724 -1.307
1.4724 -1.2384
1.5409 -1.2384
1.6095 -1.2384
1.6095 -1.1699
1.678 -1.1699
1.678 -1.1014
1.7465 -1.1014
1.7465 -1.0329
1.7465 -0.96435
1.815 -0.96435
1.815 -0.89582
1.815 -0.8273
1.815 -0.75877
1.815 -0.69025
1.815 -0.62173
1.815 -0.5532
1.815 -0.48468
1.815 -0.41616
1.815 -0.34763
1.815 -0.27911
1.815 -0.21059
1.815 -0.14206
1.815 -0.073538
1.815 -0.0050139
