1.3696 0.0022751
1.3696 0.076898
1.3696 0.15152
1.3696 0.22614
1.3696 0.30077
1.3696 0.37539
1.3696 0.45001
1.3696 0.52463
1.3696 0.59926
1.3696 0.67388
1.3696 0.7485
1.3696 0.82312
1.3696 0.89775
1.3696 0.97237
1.3696 1.047
1.3696 1.1216
1.3696 1.1962
1.3696 1.2709
1.3696 1.3455
1.3696 1.4201
1.3696 1.4947
1.3696 1.5693
1.3696 1.644
1.3696 1.7186
1.3696 1.7932
1.3696 1.8678
1.3696 1.9425
1.3696 2.0171
1.3696 2.0917
1.3696 2.1663
1.3696 2.241
1.3696 2.3156
1.3696 2.3902
1.295 2.4648
1.2204 2.5394
1.1457 2.6141
1.0711 2.6887
0.99648 2.7633
0.92186 2.8379
0.84724 2.9126
0.77262 2.9872
-1.1676 2.6887
-1.2422 2.6887
-1.3168 2.6141
-1.3168 2.5394
-1.3914 2.5394
-1.4661 2.4648
-1.4661 2.3902
-1.4661 2.3156
-1.4661 2.241
-1.4661 2.1663
-1.4661 2.0917
-1.4661 2.0171
-1.4661 1.9425
-1.4661 1.8678
-1.4661 1.7932
-1.4661 1.7186
-1.4661 1.644
-1.4661 1.5693
-1.4661 1.4947
-1.4661 1.4201
-1.4661 1.3455
-1.4661 1.2709
-1.4661 1.1962
-1.4661 1.1216
-1.4661 1.047
-1.4661 0.97237
-1.4661 0.89775
-1.4661 0.82312
-1.4661 0.7485
-1.4661 0.67388
-1.4661 0.59926
-1.4661 0.52463
-1.4661 0.45001
-1.4661 0.37539
-1.4661 0.30077
-1.4661 0.22614
-1.4661 0.15152
-1.4661 0.076898
-1.4661 0.0022751
-1.4661 -0.072347
-1.4661 -0.14697
-1.4661 -0.22159
-1.4661 -0.29622
-1.4661 -0.37084
-1.4661 -0.44546
-1.4661 -0.52008
-1.4661 -0.59471
-1.4661 -0.66933
-1.4661 -0.74395
-1.4661 -0.81857
-1.4661 -0.8932
-1.4661 -0.96782
-1.4661 -1.0424
-1.4661 -1.1171
-1.4661 -1.1917
-1.4661 -1.2663
-1.4661 -1.3409
-1.4661 -1.4156
-1.3914 -1.4902
-1.3914 -1.5648
-1.3168 -1.6394
-1.2422 -1.714
-1.1676 -1.7887
-1.0929 -1.8633
-1.0183 -1.9379
-0.9437 -1.9379
-0.86908 -2.0125
-0.79446 -2.0125
-0.71983 -2.0872
-0.64521 -2.0872
-0.57059 -2.0872
-0.49597 -2.0872
-0.42134 -2.0872
-0.34672 -2.0872
-0.2721 -2.0872
-0.19748 -2.0872
-0.12285 -2.0872
-0.048232 -2.0872
0.026391 -2.0872
0.10101 -2.0872
0.17564 -2.0872
0.25026 -2.0872
0.32488 -2.0872
0.3995 -2.0872
0.47413 -2.0872
0.47413 -2.0125
0.54875 -2.0125
0.62337 -2.0125
0.69799 -2.0125
0.77262 -2.0125
0.77262 -1.9379
0.84724 -1.9379
0.92186 -1.9379
0.92186 -1.8633
0.99648 -1.8633
0.99648 -1.7887
1.0711 -1.7887
1.0711 -1.714
1.1457 -1.714
1.1457 -1.6394
1.2204 -1.6394
1.2204 -1.5648
1.295 -1.5648
1.295 -1.4902
1.295 -1.4156
1.3696 -1.4156
1.3696 -1.2663
1.3696 -1.1917
1.3696 -1.1171
1.3696 -1.0424
1.3696 -0.96782
1.3696 -0.8932
1.3696 -0.81857
1.3696 -0.74395
1.3696 -0.66933
1.3696 -0.59471
1.3696 -0.52008
1.3696 -0.44546
1.3696 -0.37084
1.3696 -0.29622
1.3696 -0.22159
1.3696 -0.14697
1.3696 -0.072347
