1.3809 0.010283
1.3809 0.051936
1.3809 0.093588
1.3809 0.13524
1.3809 0.17689
1.4226 0.21855
1.3809 0.21855
1.4226 0.2602
1.4226 0.30185
1.4226 0.3435
1.4226 0.38516
1.4226 0.42681
1.4226 0.46846
1.4226 0.51011
1.4226 0.55177
1.4226 0.59342
1.4226 0.63507
1.4226 0.67672
1.4226 0.71838
1.4226 0.76003
1.4226 0.80168
1.4226 0.84333
1.4226 0.88499
1.4226 0.92664
1.4226 0.96829
1.4226 1.0099
1.4226 1.0516
1.4226 1.0933
1.4226 1.1349
1.4226 1.1766
1.4226 1.2182
1.4226 1.2599
1.4226 1.3015
1.4226 1.3432
1.4226 1.3848
1.4226 1.4265
1.4226 1.4681
1.4226 1.5098
1.4226 1.5514
1.4226 1.5931
1.4226 1.6347
1.4226 1.6764
1.4226 1.718
1.4226 1.7597
1.4226 1.8013
1.4226 1.843
1.4226 1.8846
1.4226 1.9263
1.4226 1.968
1.4226 2.0096
1.3809 2.0513
1.3393 2.0929
1.2976 2.1346
1.256 2.1762
1.2143 2.2179
1.1727 2.2179
1.131 2.2179
1.0893 2.2179
1.0477 2.2179
1.006 2.2179
0.96439 2.2179
0.92273 2.2179
0.88108 2.2179
0.83943 2.2179
0.79778 2.2179
0.75612 2.2179
0.71447 2.2179
0.67282 2.2179
0.63117 2.2179
0.58951 2.2179
0.54786 2.2179
0.50621 2.2179
0.46456 2.2179
0.4229 2.2595
0.38125 2.2595
0.3396 2.2595
0.29795 2.2595
0.25629 2.2595
0.21464 2.2595
0.17299 2.2595
0.13134 2.2595
0.089683 2.2595
0.048031 2.2595
0.0063781 2.2595
-0.035275 2.2595
-0.076927 2.2595
-0.11858 2.2595
-0.16023 2.2595
-0.20188 2.2595
-0.24354 2.2595
-0.28519 2.2595
-0.32684 2.2595
-0.86833 2.2595
-0.90998 2.2595
-0.95163 2.2595
-0.99328 2.2595
-1.0349 2.2595
-1.0766 2.2595
-1.1182 2.2595
-1.1599 2.2595
-1.2015 2.2595
-1.2432 2.2595
-1.2849 2.2179
-1.2849 2.1762
-1.3265 2.1762
-1.3682 2.1346
-1.3682 2.0929
-1.4098 2.0929
-1.4098 2.0513
-1.4098 2.0096
-1.4098 1.968
-1.4098 1.9263
-1.4098 1.8846
-1.4098 1.843
-1.4098 1.8013
-1.4098 1.7597
-1.4515 1.7597
-1.4515 1.718
-1.4515 1.6764
-1.4515 1.6347
-1.4515 1.5931
-1.4515 1.5514
-1.4515 1.5098
-1.4515 1.4681
-1.4515 1.4265
-1.4515 1.3848
-1.4515 1.3432
-1.4515 1.3015
-1.4515 1.2599
-1.4515 1.2182
-1.4515 1.1766
-1.4515 1.1349
-1.4515 1.0933
-1.4515 1.0516
-1.4515 1.0099
-1.4515 0.96829
-1.4515 0.92664
-1.4515 0.88499
-1.4515 0.84333
-1.4515 0.80168
-1.4515 0.76003
-1.4515 0.71838
-1.4515 0.67672
-1.4515 0.63507
-1.4515 0.59342
-1.4515 0.55177
-1.4515 0.51011
-1.4515 0.46846
-1.4515 0.42681
-1.4515 0.38516
-1.4515 0.3435
-1.4515 0.30185
-1.4515 0.2602
-1.4515 0.21855
-1.4515 0.17689
-1.4515 0.13524
-1.4515 0.093588
-1.4515 0.051936
-1.4515 0.010283
-1.4515 -0.03137
-1.4515 -0.073022
-1.4515 -0.11467
-1.4515 -0.15633
-1.4515 -0.19798
-1.4515 -0.23963
-1.4515 -0.28129
-1.4515 -0.32294
-1.4515 -0.36459
-1.4515 -0.40624
-1.4515 -0.4479
-1.4515 -0.48955
-1.4515 -0.5312
-1.4515 -0.57285
-1.4515 -0.61451
-1.4515 -0.65616
-1.4515 -0.69781
-1.4515 -0.73946
-1.4515 -0.78112
-1.4515 -0.82277
-1.4515 -0.86442
-1.4515 -0.90607
-1.4515 -0.94773
-1.4515 -0.98938
-1.4515 -1.031
-1.4515 -1.0727
-1.4515 -1.1143
-1.4515 -1.156
-1.4515 -1.1976
-1.4515 -1.2393
-1.4515 -1.2809
-1.4515 -1.3226
-1.4515 -1.3643
-1.4515 -1.4059
-1.4515 -1.4476
-1.4515 -1.4892
-1.4515 -1.5309
-1.4515 -1.5725
-1.4515 -1.6142
-1.4515 -1.6558
-1.4515 -1.6975
-1.4515 -1.7391
-1.4515 -1.7808
-1.4515 -1.8224
-1.4515 -1.8641
-1.4098 -1.9057
-1.3682 -1.9474
-1.3265 -1.989
-1.2849 -2.0307
-1.2432 -2.0307
-1.2015 -2.0307
-1.1599 -2.0307
-1.1182 -2.0307
-1.0766 -2.0723
-1.0349 -2.0723
-0.99328 -2.0723
-0.95163 -2.0723
-0.90998 -2.0723
-0.86833 -2.0723
-0.82667 -2.0723
-0.78502 -2.0723
-0.74337 -2.0723
-0.70172 -2.0723
-0.66006 -2.0723
-0.61841 -2.0723
-0.57676 -2.0723
-0.53511 -2.0723
-0.49345 -2.0723
-0.4518 -2.0723
-0.41015 -2.0723
-0.3685 -2.0723
-0.32684 -2.0723
-0.28519 -2.0723
-0.24354 -2.0723
-0.20188 -2.0723
-0.16023 -2.0723
-0.11858 -2.0723
-0.076927 -2.0723
-0.035275 -2.114
0.0063781 -2.114
0.048031 -2.114
0.089683 -2.114
0.13134 -2.114
0.17299 -2.114
0.21464 -2.114
0.25629 -2.114
0.29795 -2.114
0.3396 -2.114
0.38125 -2.114
0.4229 -2.114
0.46456 -2.114
0.50621 -2.114
0.54786 -2.114
0.58951 -2.114
0.63117 -2.114
0.67282 -2.114
0.71447 -2.114
0.75612 -2.114
0.79778 -2.114
0.83943 -2.114
0.88108 -2.114
0.92273 -2.114
0.96439 -2.114
1.006 -2.114
1.0477 -2.114
1.0893 -2.114
1.131 -2.114
1.1727 -2.114
1.2143 -2.114
1.2143 -2.0723
1.256 -2.0307
1.2976 -1.989
1.3393 -1.989
1.3393 -1.9474
1.3393 -1.9057
1.3393 -1.8641
1.3393 -1.8224
1.3393 -1.7808
1.3393 -1.7391
1.3393 -1.6975
1.3393 -1.6558
1.3393 -1.6142
1.3393 -1.5725
1.3393 -1.5309
1.3393 -1.4892
1.3393 -1.4476
1.3809 -1.4476
1.3809 -1.4059
1.3809 -1.3643
1.3809 -1.3226
1.3809 -1.2809
1.3809 -1.2393
1.3809 -1.1976
1.3809 -1.156
1.3809 -1.1143
1.3809 -1.0727
1.3809 -1.031
1.3809 -0.98938
1.3809 -0.94773
1.3809 -0.90607
1.3809 -0.86442
1.3809 -0.82277
1.3809 -0.78112
1.3809 -0.73946
1.3809 -0.69781
1.3809 -0.65616
1.3809 -0.61451
1.3809 -0.57285
1.3809 -0.5312
1.3809 -0.48955
1.3809 -0.4479
1.3809 -0.40624
1.3809 -0.36459
1.3809 -0.32294
1.3809 -0.28129
1.3809 -0.23963
1.3809 -0.19798
1.3809 -0.15633
1.3809 -0.11467
1.3809 -0.073022
1.3809 -0.03137
