1.6526 0.058175
1.6526 0.13357
1.6526 0.20896
1.728 0.28436
1.6526 0.28436
1.728 0.35975
1.728 0.43515
1.728 0.51054
1.728 0.58594
1.728 0.66133
1.728 0.73672
1.728 0.81212
1.728 0.88751
1.728 0.96291
1.728 1.0383
1.728 1.1137
1.728 1.1891
1.728 1.2645
1.728 1.3399
1.728 1.4153
1.728 1.4907
1.728 1.5661
1.728 1.6415
1.728 1.7169
1.728 1.7922
1.6526 1.8676
1.6526 1.943
1.5772 2.0184
1.5018 2.0938
1.4264 2.1692
1.3511 2.1692
1.2757 2.2446
1.2003 2.2446
-0.38302 2.1692
-0.45842 2.1692
-0.53381 2.1692
-0.60921 2.1692
-0.6846 2.1692
-0.75999 2.1692
-0.83539 2.1692
-0.91078 2.1692
-0.98618 2.1692
-1.0616 2.1692
-1.137 2.1692
-1.137 2.0938
-1.2124 2.0938
-1.2878 2.0938
-1.2878 2.0184
-1.3632 2.0184
-1.3632 1.943
-1.4385 1.943
-1.4385 1.8676
-1.5139 1.8676
-1.5139 1.7922
-1.5139 1.7169
-1.5893 1.7169
-1.5893 1.6415
-1.5893 1.5661
-1.5893 1.4907
-1.5893 1.4153
-1.5893 1.3399
-1.5893 1.2645
-1.5893 1.1891
-1.5893 1.1137
-1.5893 1.0383
-1.5893 0.96291
-1.5893 0.88751
-1.5893 0.81212
-1.5893 0.73672
-1.5893 0.66133
-1.5893 0.58594
-1.5893 0.51054
-1.5893 0.43515
-1.5893 0.35975
-1.5893 0.28436
-1.5893 0.20896
-1.5893 0.13357
-1.5893 0.058175
-1.5893 -0.01722
-1.5893 -0.092614
-1.5893 -0.16801
-1.5893 -0.2434
-1.5893 -0.3188
-1.5893 -0.39419
-1.5893 -0.46959
-1.5893 -0.54498
-1.5893 -0.62038
-1.5893 -0.69577
-1.5893 -0.77116
-1.5893 -0.84656
-1.5893 -0.92195
-1.5893 -0.99735
-1.5893 -1.0727
-1.5893 -1.1481
-1.5893 -1.2235
-1.5893 -1.2989
-1.5893 -1.3743
-1.5893 -1.4497
-1.5139 -1.5251
-1.4385 -1.6005
-1.3632 -1.6759
-1.2878 -1.6759
-1.2124 -1.7513
-1.137 -1.7513
-1.0616 -1.7513
-0.98618 -1.7513
-0.91078 -1.7513
-0.83539 -1.7513
-0.75999 -1.7513
-0.6846 -1.7513
-0.60921 -1.7513
-0.53381 -1.7513
-0.45842 -1.7513
-0.38302 -1.7513
-0.30763 -1.7513
-0.23223 -1.7513
-0.15684 -1.7513
-0.081445 -1.7513
-0.0060502 -1.7513
0.069344 -1.7513
0.14474 -1.7513
0.22013 -1.7513
0.29553 -1.7513
0.37092 -1.7513
0.44632 -1.7513
0.52171 -1.7513
0.59711 -1.7513
0.6725 -1.7513
0.74789 -1.7513
0.82329 -1.7513
0.89868 -1.7513
0.97408 -1.7513
1.0495 -1.7513
1.1249 -1.7513
1.2003 -1.7513
1.2757 -1.7513
1.3511 -1.7513
1.3511 -1.6759
1.4264 -1.6005
1.5018 -1.6005
1.5018 -1.5251
1.5772 -1.4497
1.6526 -1.4497
1.6526 -1.3743
1.6526 -1.2989
1.6526 -1.2235
1.6526 -1.1481
1.6526 -1.0727
1.6526 -0.99735
1.6526 -0.92195
1.6526 -0.84656
1.6526 -0.77116
1.6526 -0.69577
1.6526 -0.62038
1.6526 -0.54498
1.6526 -0.46959
1.6526 -0.39419
1.6526 -0.3188
1.6526 -0.2434
1.6526 -0.16801
1.6526 -0.092614
1.6526 -0.01722
