1.8316 0.14613
1.8316 0.33257
1.8316 0.51901
1.8316 0.70545
1.6452 0.89189
1.6452 1.0783
1.4588 1.2648
1.2723 1.4512
1.0859 1.6376
0.89944 1.8241
0.713 1.8241
0.52657 2.0105
0.34013 2.0105
0.15369 2.197
-0.032753 2.197
-0.21919 2.3834
-0.21919 2.0105
-0.40563 2.3834
-0.40563 2.0105
-0.59207 2.0105
-0.77851 2.0105
-0.77851 1.8241
-0.96495 1.8241
-1.1514 1.8241
-1.1514 1.6376
-1.3378 1.6376
-1.3378 1.4512
-1.5243 1.4512
-1.5243 1.2648
-1.7107 1.2648
-1.7107 1.0783
-1.7107 0.89189
-1.7107 0.70545
-1.7107 0.51901
-1.7107 0.33257
-1.7107 0.14613
-1.7107 -0.040311
-1.7107 -0.22675
-1.7107 -0.41319
-1.7107 -0.59963
-1.7107 -0.78607
-1.7107 -0.97251
-1.7107 -1.1589
-1.5243 -1.3454
-1.3378 -1.5318
-1.1514 -1.7183
-0.96495 -1.7183
-0.77851 -1.9047
-0.59207 -1.9047
-0.40563 -2.0911
-0.21919 -2.0911
-0.032753 -2.2776
0.15369 -2.2776
0.34013 -2.2776
0.34013 -2.0911
0.52657 -2.0911
0.713 -2.0911
0.713 -1.9047
0.89944 -1.9047
0.89944 -1.7183
1.0859 -1.7183
1.0859 -1.5318
1.2723 -1.5318
1.2723 -1.3454
1.4588 -1.3454
1.4588 -1.1589
1.6452 -1.1589
1.6452 -0.97251
1.6452 -0.78607
1.8316 -0.78607
1.8316 -0.59963
1.8316 -0.41319
1.8316 -0.22675
1.8316 -0.040311
