1.6655 0.0037325
1.7796 0.060786
1.7225 0.060786
1.8367 0.11784
1.7796 0.11784
1.8937 0.17489
1.8367 0.17489
1.9508 0.23195
2.0078 0.289
2.1219 0.34606
2.0649 0.34606
2.179 0.40311
2.1219 0.40311
2.236 0.46016
2.179 0.46016
2.2931 0.51722
2.3501 0.57427
2.4642 0.63132
2.4072 0.63132
2.4642 0.68838
2.5784 0.74543
2.5213 0.74543
2.5784 0.80249
2.6925 0.85954
2.6354 0.85954
2.6925 0.91659
2.6354 0.97365
2.6354 1.0307
2.5784 1.0878
2.5213 1.1448
2.4642 1.1448
2.4072 1.2019
2.3501 1.2019
2.2931 1.2019
2.236 1.2019
2.179 1.2589
2.1219 1.2589
2.0649 1.2589
2.0078 1.2589
1.9508 1.316
1.8937 1.316
1.8367 1.316
1.7796 1.373
1.7225 1.373
1.6655 1.373
1.6084 1.373
1.5514 1.4301
1.4943 1.4301
1.4373 1.4301
1.3802 1.4301
1.3802 1.4871
1.3232 1.4871
1.2661 1.4871
1.2091 1.4871
1.152 1.4871
1.152 1.5442
1.095 1.5442
1.0379 1.5442
0.98084 1.5442
0.92379 1.6012
0.86674 1.6012
0.80968 1.6012
0.75263 1.6012
0.69558 1.6583
0.63852 1.6583
0.58147 1.6583
0.52441 1.7153
0.46736 1.7153
0.41031 1.7153
0.35325 1.7153
0.2962 1.7724
0.23915 1.7724
0.18209 1.7724
0.12504 1.7724
0.067985 1.7724
0.010931 1.7724
-0.046123 1.7724
-0.10318 1.7724
-0.16023 1.7724
-0.21728 1.7724
-0.27434 1.7724
-0.33139 1.7724
-1.8718 1.2019
-1.9289 1.2019
-1.986 1.2019
-1.986 1.1448
-2.043 1.1448
-2.043 1.0878
-2.1001 1.0878
-2.1001 1.0307
-2.1571 1.0307
-2.1571 0.97365
-2.1571 0.91659
-2.2142 0.91659
-2.2142 0.85954
-2.2142 0.80249
-2.2142 0.74543
-2.2142 0.68838
-2.2712 0.68838
-2.2712 0.63132
-2.2712 0.57427
-2.2712 0.51722
-2.2712 0.46016
-2.2712 0.40311
-2.2712 0.34606
-2.2712 0.289
-2.2712 0.23195
-2.2712 0.17489
-2.2712 0.11784
-2.2712 0.060786
-2.2712 0.0037325
-2.2712 -0.053321
-2.2712 -0.11038
-2.2712 -0.16743
-2.2712 -0.22448
-2.2142 -0.22448
-2.2142 -0.28154
-2.2142 -0.33859
-2.2142 -0.39564
-2.2142 -0.4527
-2.2142 -0.50975
-2.1571 -0.56681
-2.1571 -0.62386
-2.1001 -0.68091
-2.1001 -0.73797
-2.043 -0.79502
-2.043 -0.85207
-1.986 -0.90913
-1.986 -0.96618
-1.9289 -1.0232
-1.9289 -1.0803
-1.8718 -1.1373
-1.8718 -1.1944
-1.8148 -1.2515
-1.8148 -1.3085
-1.7577 -1.3656
-1.7577 -1.4226
-1.7007 -1.4797
-1.7007 -1.5367
-1.6436 -1.5938
-1.6436 -1.6508
-1.5866 -1.7079
-1.5866 -1.7649
-1.5295 -1.822
-1.5295 -1.879
-1.4725 -1.9361
-1.4725 -1.9931
-1.4154 -2.0502
-1.3584 -2.1073
-1.3013 -2.1643
-1.2443 -2.1643
-1.1872 -2.1073
-1.1872 -2.1643
-1.1301 -2.1073
-1.0731 -2.0502
-1.016 -1.9931
-0.95898 -1.9361
-0.95898 -1.9931
-0.90193 -1.9361
-0.84488 -1.879
-0.78782 -1.822
-0.73077 -1.822
-0.67371 -1.7649
-0.61666 -1.7079
-0.61666 -1.7649
-0.55961 -1.7079
-0.50255 -1.6508
-0.4455 -1.5938
-0.38845 -1.5367
-0.38845 -1.5938
-0.33139 -1.5367
-0.27434 -1.4797
-0.21728 -1.4797
-0.16023 -1.4226
-0.10318 -1.3656
-0.10318 -1.4226
-0.046123 -1.3656
0.010931 -1.3085
0.067985 -1.2515
0.12504 -1.2515
0.12504 -1.1944
0.18209 -1.1944
0.23915 -1.1373
0.2962 -1.1373
0.35325 -1.0803
0.41031 -1.0232
0.46736 -1.0232
0.46736 -0.96618
0.52441 -0.96618
0.58147 -0.90913
0.63852 -0.85207
0.69558 -0.85207
0.75263 -0.85207
0.75263 -0.79502
0.80968 -0.73797
0.86674 -0.68091
0.92379 -0.68091
0.92379 -0.62386
0.98084 -0.62386
0.98084 -0.56681
1.0379 -0.56681
1.095 -0.50975
1.152 -0.4527
1.2091 -0.39564
1.2661 -0.39564
1.2661 -0.33859
1.3232 -0.33859
1.3232 -0.28154
1.3802 -0.28154
1.4373 -0.22448
1.4943 -0.16743
1.5514 -0.11038
1.6084 -0.11038
1.6084 -0.053321
