1.666 0.036459
1.666 0.079286
1.666 0.12211
1.666 0.16494
1.666 0.20777
1.666 0.2506
1.666 0.29342
1.6231 0.33625
1.6231 0.37908
1.6231 0.42191
1.6231 0.46473
1.6231 0.50756
1.6231 0.55039
1.6231 0.59322
1.6231 0.63604
1.6231 0.67887
1.6231 0.7217
1.6231 0.76453
1.6231 0.80735
1.6231 0.85018
1.6231 0.89301
1.6231 0.93584
1.6231 0.97866
1.6231 1.0215
1.6231 1.0643
1.6231 1.1071
1.5803 1.15
1.5803 1.1928
1.5803 1.2356
1.5375 1.2356
1.5375 1.2785
1.4947 1.3213
1.4947 1.3641
1.4518 1.4069
1.409 1.4498
1.3662 1.4498
1.3234 1.4926
1.2805 1.4926
1.2377 1.4926
1.1949 1.4926
1.152 1.4926
1.152 1.5354
1.1092 1.5354
1.0664 1.5354
1.0236 1.5354
0.98073 1.5354
0.9379 1.5354
0.9379 1.5782
0.89508 1.5782
0.85225 1.5782
0.80942 1.5782
0.7666 1.5782
0.72377 1.5782
0.72377 1.6211
0.68094 1.6211
0.63811 1.6211
0.59529 1.6211
0.55246 1.6211
0.50963 1.6639
0.4668 1.6639
0.42398 1.6639
0.38115 1.6639
0.33832 1.6639
0.33832 1.7067
0.29549 1.7067
0.25267 1.7067
0.20984 1.7067
0.16701 1.7067
0.12418 1.7067
0.12418 1.7496
0.081356 1.7496
0.038529 1.7496
-0.0042987 1.7496
-0.047126 1.7496
-0.089954 1.7924
-0.089954 1.7496
-0.13278 1.7924
-0.17561 1.7924
-0.21844 1.7924
-0.26126 1.7924
-1.7174 1.7067
-1.7602 1.7067
-1.8031 1.7067
-1.8459 1.7067
-1.8887 1.7067
-1.9315 1.7067
-1.9744 1.7067
-1.9744 1.6639
-2.0172 1.6639
-2.0172 1.6211
-2.06 1.6211
-2.06 1.5782
-2.1028 1.5782
-2.1028 1.5354
-2.1457 1.5354
-2.1457 1.4926
-2.1885 1.4926
-2.1885 1.4498
-2.1885 1.4069
-2.2313 1.4069
-2.2313 1.3641
-2.2313 1.3213
-2.2742 1.3213
-2.2742 1.2785
-2.2742 1.2356
-2.2742 1.1928
-2.2742 1.15
-2.2742 1.1071
-2.2742 1.0643
-2.317 1.0643
-2.317 1.0215
-2.317 0.97866
-2.317 0.93584
-2.317 0.89301
-2.317 0.85018
-2.317 0.80735
-2.317 0.76453
-2.317 0.7217
-2.317 0.67887
-2.3598 0.67887
-2.3598 0.63604
-2.3598 0.59322
-2.3598 0.55039
-2.3598 0.50756
-2.3598 0.46473
-2.3598 0.42191
-2.3598 0.37908
-2.3598 0.33625
-2.3598 0.29342
-2.3598 0.2506
-2.3598 0.20777
-2.3598 0.16494
-2.3598 0.12211
-2.3598 0.079286
-2.3598 0.036459
-2.3598 -0.0063684
-2.3598 -0.049196
-2.317 -0.092023
-2.2742 -0.092023
-2.2313 -0.13485
-2.1885 -0.17768
-2.1457 -0.22051
-2.1028 -0.26333
-2.06 -0.26333
-2.0172 -0.30616
-1.9744 -0.34899
-1.9315 -0.39182
-1.8459 -0.43464
-1.8031 -0.47747
-1.7602 -0.47747
-1.7174 -0.5203
-1.6746 -0.56312
-1.6317 -0.60595
-1.5889 -0.64878
-1.5461 -0.64878
-1.5033 -0.69161
-1.4604 -0.73443
-1.3748 -0.77726
-1.3319 -0.82009
-1.2891 -0.86292
-1.2463 -0.86292
-1.2035 -0.90574
-1.1606 -0.94857
-1.1178 -0.9914
-1.075 -1.0342
-1.0322 -1.0342
-0.98933 -1.0771
-0.90367 -1.1199
-0.86085 -1.1627
-0.81802 -1.2055
-0.77519 -1.2484
-0.73236 -1.2484
-0.68954 -1.2912
-0.64671 -1.334
-0.60388 -1.3768
-0.56106 -1.4197
-0.51823 -1.4197
-0.43257 -1.4625
-0.38975 -1.5053
-0.34692 -1.5482
-0.30409 -1.591
-0.26126 -1.6338
-0.21844 -1.6338
-0.17561 -1.6766
-0.13278 -1.7195
-0.089954 -1.7623
-0.047126 -1.8051
0.038529 -1.8479
0.081356 -1.8479
0.12418 -1.8908
0.16701 -1.8908
0.20984 -1.8908
0.25267 -1.8908
0.29549 -1.8908
0.33832 -1.8908
0.38115 -1.8908
0.38115 -1.8479
0.42398 -1.8479
0.4668 -1.8479
0.50963 -1.8479
0.55246 -1.8479
0.59529 -1.8479
0.63811 -1.8479
0.68094 -1.8479
0.72377 -1.8479
0.7666 -1.8479
0.80942 -1.8479
0.85225 -1.8479
0.89508 -1.8479
0.9379 -1.8479
0.98073 -1.8479
1.0236 -1.8479
1.0664 -1.8479
1.1092 -1.8479
1.152 -1.8479
1.1949 -1.8479
1.2377 -1.8479
1.2805 -1.8479
1.3234 -1.8479
1.3662 -1.8479
1.409 -1.8479
1.4518 -1.8479
1.4947 -1.8479
1.5375 -1.8479
1.5375 -1.8051
1.5803 -1.7623
1.6231 -1.7623
1.6231 -1.7195
1.666 -1.6766
1.7088 -1.6766
1.7088 -1.6338
1.7088 -1.591
1.7088 -1.5482
1.7088 -1.5053
1.7088 -1.4625
1.7088 -1.4197
1.7088 -1.3768
1.7088 -1.334
1.7088 -1.2912
1.7088 -1.2484
1.7088 -1.2055
1.7088 -1.1627
1.7088 -1.1199
1.7088 -1.0771
1.7088 -1.0342
1.7088 -0.9914
1.7088 -0.94857
1.7088 -0.90574
1.7088 -0.86292
1.7088 -0.82009
1.7088 -0.77726
1.7088 -0.73443
1.7088 -0.69161
1.7088 -0.64878
1.7088 -0.60595
1.7088 -0.56312
1.666 -0.5203
1.666 -0.47747
1.666 -0.43464
1.666 -0.39182
1.666 -0.34899
1.666 -0.30616
1.666 -0.26333
1.666 -0.22051
1.666 -0.17768
1.666 -0.13485
1.666 -0.092023
1.666 -0.049196
1.666 -0.0063684
