1.7226 0.090571
1.7226 0.22991
1.7226 0.36925
1.7226 0.50859
1.7226 0.64793
1.7226 0.78727
1.7226 0.92661
1.7226 1.0659
1.7226 1.2053
1.7226 1.3446
1.7226 1.484
1.7226 1.6233
1.5832 1.7626
1.5832 1.902
1.4439 2.0413
1.3046 2.1807
1.1652 2.1807
1.0259 2.32
0.88655 2.32
-1.3429 2.1807
-1.4822 2.1807
-1.6216 2.0413
-1.7609 1.902
-1.7609 1.7626
-1.9002 1.7626
-1.9002 1.6233
-1.9002 1.484
-1.9002 1.3446
-1.9002 1.2053
-1.9002 1.0659
-1.9002 0.92661
-1.9002 0.78727
-1.9002 0.64793
-1.9002 0.50859
-1.9002 0.36925
-1.9002 0.22991
-1.9002 0.090571
-1.9002 -0.048769
-1.9002 -0.18811
-1.9002 -0.32745
-1.9002 -0.46679
-1.9002 -0.60613
-1.9002 -0.74547
-1.7609 -0.88481
-1.7609 -1.0241
-1.6216 -1.1635
-1.4822 -1.3028
-1.3429 -1.3028
-1.2035 -1.4422
-1.0642 -1.4422
-0.92487 -1.4422
-0.78553 -1.4422
-0.64619 -1.4422
-0.50685 -1.4422
-0.36751 -1.4422
-0.22817 -1.4422
-0.088829 -1.4422
0.050511 -1.4422
0.18985 -1.4422
0.32919 -1.4422
0.46853 -1.5815
0.60787 -1.5815
0.74721 -1.5815
0.88655 -1.5815
1.0259 -1.5815
1.1652 -1.5815
1.3046 -1.5815
1.3046 -1.4422
1.4439 -1.3028
1.5832 -1.3028
1.5832 -1.1635
1.7226 -1.1635
1.7226 -1.0241
1.7226 -0.88481
1.7226 -0.74547
1.7226 -0.60613
1.7226 -0.46679
1.7226 -0.32745
1.7226 -0.18811
1.7226 -0.048769
