1.963 0.17815
1.963 0.3827
1.963 0.58725
1.963 0.7918
1.7585 0.99635
1.7585 1.2009
1.5539 1.4054
1.3494 1.61
1.1448 1.8145
0.94026 2.0191
0.12207 2.2236
-0.082479 2.2236
-0.28703 2.2236
-0.49157 2.2236
-0.69612 2.2236
-0.69612 2.0191
-0.90067 2.0191
-1.1052 1.8145
-1.1052 1.61
-1.3098 1.61
-1.5143 1.4054
-1.5143 1.2009
-1.7189 1.2009
-1.7189 0.99635
-1.7189 0.7918
-1.9234 0.7918
-1.9234 0.58725
-1.9234 0.3827
-1.9234 0.17815
-1.9234 -0.026393
-1.9234 -0.23094
-1.9234 -0.43549
-1.9234 -0.64004
-1.9234 -0.84458
-1.7189 -1.0491
-1.5143 -1.2537
-1.3098 -1.4582
-1.1052 -1.6628
-0.90067 -1.6628
-0.69612 -1.8673
-0.49157 -1.8673
-0.28703 -1.8673
-0.082479 -1.8673
0.12207 -1.8673
0.32662 -1.8673
0.53116 -1.8673
0.73571 -1.8673
0.73571 -1.6628
0.94026 -1.6628
1.1448 -1.6628
1.1448 -1.4582
1.3494 -1.4582
1.3494 -1.2537
1.5539 -1.2537
1.5539 -1.0491
1.5539 -0.84458
1.7585 -0.84458
1.7585 -0.64004
1.7585 -0.43549
1.7585 -0.23094
1.7585 -0.026393
1.963 -0.026393
