-1.8475 0.43296
-1.8474 -0.37951
-1.8449 -0.24528
-1.8448 0.296
-1.8402 -0.11105
-1.8402 0.023186
-1.8402 0.15742
-1.8312 0.55136
-1.8304 -0.51375
-1.8008 0.65555
-1.7945 -0.64798
-1.7607 0.74966
-1.7517 -0.78221
-1.7158 -0.91645
-1.7134 -1.4534
-1.7116 0.83429
-1.7107 -1.3191
-1.7017 -1.5876
-1.7012 -1.1849
-1.6988 -1.0507
-1.6738 -1.7269
-1.6601 0.9164
-1.622 -1.8678
-1.6076 0.99292
-1.543 1.0603
-1.5348 -1.9891
-1.4714 1.1405
-1.4258 -2.0793
-1.4041 1.2438
-1.3368 1.3476
-1.3205 -2.1391
-1.2697 1.4488
-1.214 -2.1576
-1.2026 1.5506
-1.1355 1.6519
-1.1147 -2.1507
-1.0684 1.756
-1.0295 -2.1353
-1.0012 1.8595
-0.94675 -2.1179
-0.93411 1.9439
-0.86955 -2.0873
-0.86714 2.0088
-0.80026 2.0714
-0.79743 -2.0336
-0.73811 2.1433
-0.71987 -1.9488
-0.67122 2.213
-0.63212 -1.8568
-0.58518 2.2675
-0.54437 -1.7671
-0.50149 2.3003
-0.4669 -1.6899
-0.39473 -1.6447
-0.35417 2.3125
-0.31728 -1.6192
-0.23406 -1.5984
-0.14615 2.3145
-0.14363 -1.5717
-0.046739 -1.5278
0.043697 -1.4805
0.12692 -1.4241
0.15125 2.3126
0.20439 -1.3489
0.27641 -1.2836
0.35388 -1.2312
0.4371 -1.1802
0.52749 -1.1365
0.57518 2.301
0.62442 -1.0991
0.71504 -1.0554
0.79839 -1.0045
0.88046 -0.95232
0.94999 -0.88768
0.98499 2.2734
1.0125 -0.81619
1.0795 -0.74886
1.1465 -0.68153
1.2136 -0.6144
1.2741 2.2218
1.2807 -0.54733
1.3478 -0.48018
1.4147 -0.41278
1.4818 -0.34557
1.4927 2.1392
1.5435 -0.27333
1.6174 -0.21309
1.6659 2.0326
1.7014 -0.16298
1.7937 1.9097
1.7947 -0.12201
1.898 -0.091074
1.9274 1.7727
2.0491 0.0055697
2.06 1.634
2.0801 0.061484
2.1126 0.12621
2.1468 0.19955
2.1815 0.28155
2.1827 1.4998
2.2151 0.37112
2.2598 0.47057
2.2916 1.3655
2.3054 0.57669
2.3428 0.6763
2.3737 1.2268
2.3928 0.77694
2.4182 1.0901
2.4303 0.87313
2.4363 0.97241
