-1.1961 1.9961
-1.1959 2.0392
-1.1958 1.9529
-1.1953 1.9097
-1.1948 2.0823
-1.1946 1.8664
-1.1942 1.8226
-1.1941 -1.1492
-1.1941 1.5293
-1.1941 -1.4589
-1.1941 -1.3638
-1.1941 -1.3133
-1.1941 -1.206
-1.1941 -0.97087
-1.1941 -0.78904
-1.1941 -0.72883
-1.1941 -0.66893
-1.1941 -0.60928
-1.1941 -0.54974
-1.1941 -0.49041
-1.1941 -0.43129
-1.1941 -0.3722
-1.1941 -0.31313
-1.1941 -0.25392
-1.1941 -0.19457
-1.1941 -0.13513
-1.1941 -0.075545
-1.1941 -0.01593
-1.1941 0.043792
-1.1941 0.10371
-1.1941 0.1637
-1.1941 0.22381
-1.1941 0.28391
-1.1941 0.3439
-1.1941 0.40382
-1.1941 0.46354
-1.1941 0.52316
-1.1941 0.58275
-1.1941 0.6422
-1.1941 0.70159
-1.1941 0.76086
-1.1941 0.82003
-1.1941 0.87928
-1.1941 0.93857
-1.1941 0.99807
-1.1941 1.058
-1.1941 1.1182
-1.1941 1.1787
-1.1941 1.239
-1.1941 1.299
-1.1941 1.3584
-1.1941 1.4168
-1.1941 1.6345
-1.1941 -1.4122
-1.1941 -0.91029
-1.1941 -0.84957
-1.1941 1.5829
-1.1941 1.6841
-1.1941 1.7778
-1.1941 -1.0908
-1.1941 -1.0311
-1.1941 1.4738
-1.1941 1.7317
-1.1941 -1.2607
-1.1941 -1.5042
-1.1929 2.1249
-1.1925 -1.5482
-1.19 2.1667
-1.186 2.2072
-1.1809 -1.5913
-1.1799 2.2462
-1.1722 2.2834
-1.1656 -1.6337
-1.1631 2.3186
-1.1539 -1.6759
-1.1525 2.3516
-1.1436 -1.7183
-1.1405 2.3822
-1.1331 -1.7614
-1.1269 2.4105
-1.122 -1.8051
-1.1119 2.4366
-1.1102 -1.8492
-1.0975 -1.8938
-1.0954 2.4609
-1.0837 -1.9379
-1.0774 2.4834
-1.0677 -1.9807
-1.0579 2.5042
-1.0483 -2.0217
-1.0368 2.5232
-1.0246 -2.0606
-1.0143 2.5402
-0.99741 -2.0971
-0.99027 2.5553
-0.96812 -2.1303
-0.96471 2.5682
-0.93763 -2.1595
-0.93763 2.5791
-0.90903 2.5879
-0.9063 -2.1838
-0.8789 2.5944
-0.87424 -2.203
-0.84726 2.5985
-0.84158 -2.2173
-0.8141 2.6001
-0.80879 -2.227
-0.77942 2.5996
-0.77729 -2.2329
-0.74948 -2.236
-0.74321 2.5973
-0.71794 -2.2376
-0.70549 2.5936
-0.6764 -2.2382
-0.66624 2.5888
-0.63326 -2.2384
-0.62548 2.5833
-0.59012 -2.2392
-0.58319 2.5777
-0.56946 2.5616
-0.56661 2.556
-0.54697 -2.2414
-0.54394 2.5491
-0.53938 2.5729
-0.50858 2.5409
-0.50383 -2.2449
-0.48696 2.5658
-0.48636 2.5692
-0.47138 2.5312
-0.46069 -2.2494
-0.43146 2.5185
-0.41755 -2.2545
-0.38638 2.5007
-0.3744 -2.2598
-0.33712 2.4767
-0.33126 -2.265
-0.28812 -2.2697
-0.27896 2.4473
-0.24497 -2.2738
-0.21507 2.4141
-0.20183 -2.2769
-0.15869 -2.2791
-0.14838 2.3779
-0.11554 -2.2803
-0.081119 2.3393
-0.072401 -2.2806
-0.029258 -2.2802
-0.014749 2.2986
0.013885 -2.2794
0.049838 2.2558
0.057028 -2.2788
0.10017 -2.2785
0.11217 2.2117
0.14331 -2.2785
0.17206 2.1672
0.18646 -2.2785
0.22948 2.1232
0.2296 -2.2785
0.27274 -2.2785
0.2845 2.0794
0.31589 -2.2785
0.33725 2.0359
0.35903 -2.2785
0.38788 1.9927
0.40225 -2.2785
0.43652 1.9495
0.44573 -2.2785
0.48332 1.9063
0.48924 -2.2785
0.52842 1.8629
0.53245 -2.2789
0.57191 1.8191
0.57519 -2.2796
0.61391 1.7752
0.61701 -2.2804
0.65449 1.7317
0.65842 -2.2812
0.69374 1.6888
0.6993 -2.2816
0.73171 1.6469
0.73898 -2.2813
0.76846 1.606
0.77861 -2.2801
0.80403 1.566
0.81743 -2.2775
0.83844 1.5269
0.85534 -2.2736
0.87174 1.4886
0.89229 -2.2682
0.90394 1.4507
0.9282 -2.2611
0.93505 1.4129
0.96232 -2.252
0.96509 1.3751
0.99358 -2.2404
0.99406 1.3373
1.0217 -2.2257
1.022 1.2992
1.047 -2.2075
1.0488 1.2603
1.0698 -2.1854
1.0746 1.2202
1.0902 -2.1591
1.0994 1.1784
1.108 -2.1287
1.123 -2.0941
1.123 1.1349
1.1349 -2.0553
1.1439 -2.0123
1.1456 1.0894
1.1511 -1.965
1.1573 -1.9137
1.1626 -1.8589
1.1669 -1.8013
1.1671 1.0421
1.1704 -1.7418
1.1739 -1.6808
1.1761 -1.6188
1.1779 -1.5561
1.1787 -1.1226
1.1787 -1.0616
1.1787 -1.0005
1.1787 -0.87867
1.1787 -0.20383
1.1787 -0.93959
1.1787 -0.81765
1.1787 -0.69481
1.1787 -0.51026
1.1787 -0.26501
1.1787 -0.14269
1.1787 -0.081599
1.1787 -0.75637
1.1787 -0.57172
1.1787 -0.32625
1.1787 -1.1838
1.1787 -0.63324
1.1787 -0.44887
1.1787 -0.020577
1.1787 -0.38753
1.1788 -1.2453
1.1792 -1.3066
1.1792 -1.4932
1.1795 -1.3683
1.1796 -1.4306
1.1875 0.99313
1.2069 0.94263
1.2252 0.89034
1.2423 0.83589
1.2584 0.7788
1.2734 0.72118
1.2873 0.66299
1.3001 0.60401
1.3119 0.54413
1.3226 0.48332
1.3322 0.42157
1.3407 0.35887
1.3482 0.29526
1.3547 0.23077
1.3601 0.16541
1.3645 0.09923
1.3678 0.032251
