-2.4859 -1.4038
-2.46 -1.4038
-2.4143 -1.4045
-2.3932 -1.4045
-2.3684 -1.4059
-2.3223 -1.408
-2.2852 -1.406
-2.2759 -1.4106
-2.2292 -1.4138
-2.2235 -1.4082
-2.1824 -1.4175
-2.1673 -1.3712
-2.1352 -1.4221
-2.1003 -1.0879
-2.0879 -1.428
-2.0407 -1.4338
-2.012 -0.83789
-1.9937 -1.4382
-1.9464 -1.4411
-1.8988 -1.4431
-1.8697 -0.73205
-1.8516 -1.4449
-1.8051 -1.4469
-1.7585 -1.4499
-1.7114 -1.4544
-1.6638 -1.4602
-1.6165 -1.4664
-1.6021 -0.60714
-1.5695 -1.4721
-1.5222 -1.4766
-1.4746 -1.4796
-1.4274 -1.4816
-1.3808 -1.4835
-1.3343 -1.4855
-1.2871 -1.4885
-1.2395 -1.493
-1.1922 -1.4988
-1.1655 -0.4982
-1.1452 -1.5049
-1.0979 -1.5107
-1.0503 -1.5152
-1.0032 -1.5181
-0.9566 -1.5202
-0.91005 -1.5221
-0.86288 -1.5241
-0.8153 -1.5271
-0.768 -1.5315
-0.72098 -1.5373
-0.67368 -1.5435
-0.65507 -0.36091
-0.62609 -1.5493
-0.57893 -1.5538
-0.53234 -1.5567
-0.48569 -1.5588
-0.43836 -1.5606
-0.39039 -1.5627
-0.34223 -1.5657
-0.29415 -1.5702
-0.24649 -1.576
-0.21322 -0.15207
-0.19978 -1.5822
-0.15466 -1.5881
-0.11141 -1.5932
-0.069853 -1.597
-0.02955 -1.5995
0.0096938 -1.6002
0.047858 -1.599
0.083123 0.18651
0.085502 -1.5971
0.12344 -1.5964
0.16186 -1.5975
0.20057 -1.6004
0.23975 -1.6055
0.26592 0.69377
0.27925 -1.6125
0.31839 -1.6202
0.35677 -1.6267
0.39124 1.3188
0.39387 -1.6305
0.42932 -1.6302
0.46308 -1.6249
0.48995 1.9204
0.49523 -1.6144
0.52559 -1.5987
0.55363 -1.5782
0.57617 2.2866
0.57869 -1.5533
0.60066 -1.526
0.62003 -1.4973
0.63732 -1.4678
0.65273 -1.4384
0.66568 2.6145
0.66598 -1.409
0.67666 -1.379
0.6848 -1.3479
0.69094 -1.3156
0.69552 -1.2823
0.69895 -1.2477
0.6998 -0.86548
0.70016 -0.90404
0.70068 -0.82691
0.70105 -0.94261
0.70159 -1.212
0.70167 -0.98118
0.70192 -1.0199
0.70241 -1.0589
0.70307 -0.78834
0.70328 -1.0984
0.70332 -1.1754
0.70385 -1.1375
0.70692 -0.74977
0.71202 -0.71121
0.71797 -0.67264
0.72422 -0.63407
0.73017 -0.5955
0.73527 -0.55693
0.73913 -0.51837
0.73944 -0.016986
0.73994 -0.055554
0.74039 -0.094121
0.74078 -0.13269
0.74112 -0.17126
0.74139 -0.20982
0.74152 -0.4798
0.74159 -0.24839
0.7417 -0.28696
0.74175 -0.32553
0.74181 -0.3641
0.74204 -0.40266
0.7424 -0.44123
0.77677 0.17168
0.77702 0.10079
0.77726 0.24207
0.77801 0.029353
0.77846 0.31197
0.77974 -0.042674
0.78037 0.38142
0.78294 0.45038
0.78618 0.51882
0.79021 0.5867
0.79242 2.8374
0.79527 0.65393
0.80138 0.72085
0.80715 0.78837
0.81162 0.8558
0.81457 0.92322
0.81661 0.99063
0.81841 1.0581
0.82046 1.1255
0.82343 1.193
0.8279 1.2604
0.83366 1.3278
0.8397 1.3951
0.84527 1.4625
0.85006 1.5301
0.85351 1.5978
0.85595 1.6659
0.85799 1.7345
0.85999 1.8032
0.86263 1.872
0.86672 1.9408
0.86834 2.9796
0.87226 2.0097
0.87817 2.0787
0.8835 2.1472
0.88795 2.2155
0.89113 2.2838
0.89351 2.3518
0.89362 3.0644
0.89572 2.4195
0.89806 2.4873
0.90113 2.5548
0.90545 2.6233
0.91053 2.6914
0.9153 3.1146
0.91596 2.7596
0.92125 2.8271
0.92566 2.8926
0.92948 2.9564
0.93317 3.0189
0.9335 3.152
0.93677 3.0802
0.9405 3.1405
0.94469 3.1996
0.94831 3.1997
0.94945 3.2576
0.95483 3.3145
0.95977 3.3071
0.96185 3.3702
0.96789 3.3263
0.96923 3.4247
0.97256 3.4803
0.97336 3.478
