-1.2226 1.4771
-1.2224 1.4177
-1.2224 1.5374
-1.2221 1.3592
-1.2219 1.3015
-1.2219 1.2448
-1.2218 0.92266
-1.2218 1.0266
-1.2218 -0.91372
-1.2218 0.63947
-1.2218 1.1889
-1.2218 -1.1001
-1.2218 -1.0468
-1.2218 -1.0202
-1.2218 -0.99359
-1.2218 -0.88709
-1.2218 -0.86047
-1.2218 -0.75398
-1.2218 -0.72735
-1.2218 -0.70073
-1.2218 -0.67411
-1.2218 -0.64748
-1.2218 -0.62086
-1.2218 -0.59424
-1.2218 -0.56761
-1.2218 -0.54099
-1.2218 -0.51436
-1.2218 -0.48774
-1.2218 -0.46112
-1.2218 -0.43449
-1.2218 -0.40787
-1.2218 -0.38125
-1.2218 -0.35462
-1.2218 -0.328
-1.2218 -0.30138
-1.2218 -0.27475
-1.2218 -0.24813
-1.2218 -0.2215
-1.2218 -0.19488
-1.2218 -0.16826
-1.2218 -0.14163
-1.2218 -0.11501
-1.2218 -0.088386
-1.2218 -0.061763
-1.2218 -0.035139
-1.2218 -0.0085156
-1.2218 0.018108
-1.2218 0.044732
-1.2218 0.073807
-1.2218 0.12079
-1.2218 0.1597
-1.2218 0.19625
-1.2218 0.23291
-1.2218 0.27017
-1.2218 0.30814
-1.2218 0.34689
-1.2218 0.38645
-1.2218 0.42682
-1.2218 0.46803
-1.2218 0.51007
-1.2218 0.55296
-1.2218 0.59669
-1.2218 0.68325
-1.2218 0.72811
-1.2218 0.77417
-1.2218 0.87181
-1.2218 0.97423
-1.2218 1.0798
-1.2218 1.1339
-1.2218 -1.1533
-1.2218 -1.0735
-1.2218 -0.96697
-1.2218 -0.80722
-1.2218 -1.1267
-1.2218 -0.83385
-1.2218 -0.7806
-1.2218 0.82168
-1.2218 -0.94034
-1.2218 1.5986
-1.2216 -1.1799
-1.2208 1.6607
-1.2196 1.7236
-1.218 1.7875
-1.2159 1.8522
-1.2157 -1.2053
-1.2133 1.9178
-1.2102 1.9843
-1.2069 2.0517
-1.2038 2.12
-1.2012 2.1892
-1.2003 7.5961
-1.2001 7.4765
-1.2 7.3578
-1.1998 7.2399
-1.1996 7.123
-1.1994 7.0069
-1.1993 6.8917
-1.1991 6.7774
-1.1991 2.2592
-1.1989 6.664
-1.1988 6.5514
-1.1986 6.4398
-1.1985 6.329
-1.1983 6.2191
-1.1982 6.1101
-1.198 6.0019
-1.1979 5.8947
-1.1977 5.7883
-1.1976 5.6829
-1.1975 2.3302
-1.1974 5.5783
-1.1973 5.4745
-1.1972 5.3717
-1.197 5.2698
-1.1969 5.1687
-1.1968 5.0685
-1.1967 4.9692
-1.1966 4.8708
-1.1964 4.7733
-1.1963 4.6767
-1.1962 2.402
-1.1962 4.5809
-1.1961 4.486
-1.196 4.3921
-1.1959 4.299
-1.1958 4.2067
-1.1957 4.1154
-1.1956 4.025
-1.1955 3.9354
-1.1954 3.8467
-1.1953 2.4747
-1.1953 3.7589
-1.1952 3.672
-1.1952 3.586
-1.1951 3.5009
-1.195 3.4166
-1.1949 3.3332
-1.1949 3.2508
-1.1949 3.1692
-1.1948 3.0884
-1.1948 3.0086
-1.1948 2.9297
-1.1948 2.8516
-1.1947 2.7745
-1.1947 2.5483
-1.1947 2.6982
-1.1945 2.6228
-1.1844 -1.227
-1.1476 -1.2467
-1.1241 -1.267
-1.1063 -1.2877
-1.0896 -1.3083
-1.0684 -1.3287
-1.0502 -1.3486
-1.0309 -1.3681
-1.01 -1.387
-0.98678 -1.405
-0.95973 -1.4217
-0.92687 -1.4362
-0.88477 -1.4483
-0.84477 -1.4583
-0.80347 -1.4669
-0.76171 -1.4746
-0.71941 -1.4817
-0.67624 -1.4884
-0.63226 -1.4947
-0.58792 -1.5007
-0.54357 -1.5066
-0.49643 -1.5129
-0.44963 -1.5199
-0.40308 -1.5248
-0.35657 -1.526
-0.30986 -1.5261
-0.26278 -1.5261
-0.21519 -1.5261
-0.16701 -1.5261
-0.11817 -1.5261
-0.068621 -1.5261
-0.018316 -1.5261
0.032767 -1.5261
0.084648 -1.5261
0.13734 -1.5261
0.19208 -1.5261
0.25083 -1.5261
0.31811 -1.5261
0.39038 -1.5261
0.45485 -1.5261
0.51186 -1.5261
0.5656 -1.5261
0.61752 -1.5261
0.66854 -1.5261
0.71867 -1.5261
0.76791 -1.5261
0.81631 -1.5261
0.8639 -1.5261
0.91073 -1.5261
0.95688 -1.5261
1.0025 -1.5263
1.0477 -1.5267
1.0929 -1.527
1.1385 -1.5271
1.1851 -1.5269
1.2328 -1.5264
1.2757 -1.5255
1.3172 -1.5242
1.3572 -1.5225
1.3964 -1.5202
1.4353 -1.5172
1.4739 -1.5132
1.5115 -1.5083
1.5509 -1.5021
1.5808 -1.4943
1.6059 -1.4849
1.628 -1.4738
1.6483 -1.4612
1.6672 -1.4472
1.6849 -1.4316
1.7055 -1.4144
1.7216 -1.3956
1.7374 -1.3752
1.7534 -1.3535
1.7707 -1.3308
1.7914 -1.3072
1.8067 -0.0085156
1.8098 -0.035139
1.8127 -0.061763
1.8155 -0.088386
1.8169 -1.2829
1.8182 -0.11501
1.8207 -0.14163
1.823 -0.16826
1.8253 -0.19488
1.8273 -0.2215
1.8293 -0.24813
1.831 -0.27475
1.8327 -0.30138
1.8342 -0.328
1.8356 -0.35462
1.8365 -1.258
1.8368 -0.38125
1.8379 -0.40787
1.8389 -0.43449
1.8397 -0.46112
1.8399 -1.2326
1.8399 -0.96697
1.8399 -1.1276
1.8399 -1.0469
1.8399 -0.88709
1.8399 -0.70073
1.8399 -0.64748
1.8399 -1.1808
1.8399 -1.1544
1.8399 -1.1007
1.8399 -1.0202
1.8399 -0.72735
1.8399 -1.0737
1.8399 -0.80722
1.8399 -0.94034
1.8399 -0.91372
1.8399 -0.83385
1.8399 -0.75398
1.8399 -1.2069
1.8399 -0.99359
1.8399 -0.67411
1.8399 -0.62086
1.8399 -0.86047
1.8399 -0.7806
1.8399 -0.59424
1.8399 -0.56761
1.84 -0.54099
1.8401 -0.48774
1.8402 -0.51436
