-2.3082 -0.14325
-2.3071 -0.24696
-2.3005 -0.042269
-2.2981 -0.34491
-2.2852 0.046832
-2.2845 -0.43276
-2.2639 -0.51345
-2.2603 0.1235
-2.2351 -0.59334
-2.2237 0.1885
-2.2011 -0.67716
-2.1776 0.24395
-2.1639 -0.76358
-2.1259 -0.8502
-2.1252 0.29305
-2.0904 -0.93832
-2.0722 0.34189
-2.0602 -1.0261
-2.0317 -1.1062
-2.0208 0.39243
-2.0047 -1.1785
-1.9799 -1.2478
-1.9678 0.44135
-1.9544 -1.3201
-1.9295 -1.3987
-1.911 0.48626
-1.9014 -1.4845
-1.8632 -1.5782
-1.8509 0.5277
-1.8139 -1.6774
-1.7901 0.56864
-1.7533 -1.7767
-1.7295 0.60982
-1.6769 -1.8656
-1.6671 0.64911
-1.6046 0.68824
-1.5837 -1.93
-1.5423 0.72766
-1.4849 -1.9693
-1.4832 0.77034
-1.4242 0.81311
-1.3892 -1.9855
-1.3621 0.85268
-1.302 0.89321
-1.2993 -1.9778
-1.2399 0.9342
-1.2173 -1.9494
-1.1751 0.97138
-1.1389 -1.9074
-1.1077 1.0094
-1.0583 -1.8607
-1.0385 1.0421
-0.97188 -1.8098
-0.94986 1.0697
-0.87762 -1.7566
-0.85021 1.1151
-0.77443 -1.7004
-0.74038 1.1753
-0.66571 -1.6411
-0.61109 1.256
-0.56233 -1.5872
-0.46649 -1.5363
-0.44145 1.3676
-0.37684 -1.4857
-0.29605 -1.4404
-0.22498 -1.4017
-0.21855 1.4916
-0.16069 -1.3714
-0.096405 -1.3441
-0.025329 -1.3148
0.0032222 1.5982
0.05546 -1.2792
0.14514 -1.2387
0.1746 1.6768
0.24111 -1.1944
0.30487 1.7304
0.34316 -1.1404
0.41734 1.7678
0.44959 -1.0794
0.52424 1.7876
0.55605 -1.0203
0.62332 1.8095
0.65818 -0.9624
0.70424 1.8326
0.75424 -0.90793
0.78796 1.8536
0.84411 -0.86033
0.87438 1.872
0.92542 -0.81942
0.96282 1.8831
0.9984 -0.78419
1.0551 1.8908
1.066 -0.75383
1.1302 -0.72341
1.1576 1.8986
1.1932 -0.69059
1.2574 -0.65567
1.2624 1.9041
1.325 -0.61795
1.3651 1.8987
1.398 -0.57477
1.4682 1.8785
1.4793 -0.52841
1.5691 -0.47907
1.5734 1.8378
1.6652 -0.42651
1.6767 1.7714
1.7673 -0.37262
1.7742 1.6873
1.8623 1.5941
1.8739 -0.32017
1.9406 1.5031
1.9802 -0.2721
2.0073 1.4223
2.0606 1.3537
2.0781 -0.22686
2.1039 1.2926
2.1418 1.234
2.1701 -0.18393
2.1795 1.1772
2.2188 1.1204
2.2573 -0.14341
2.2603 1.062
2.3055 1.0011
2.3397 -0.10549
2.3563 0.93425
2.4117 0.85891
2.4169 -0.070245
2.4654 0.77226
2.4887 -0.037633
2.5118 0.67501
2.5454 0.57194
2.5702 0.47062
2.5773 -0.0032982
2.5876 0.37198
2.5919 0.087215
2.5972 0.27522
2.5986 0.18022
