-0.98389 -2.4067
-0.98376 -2.4432
-0.98296 -2.3681
-0.98223 -2.4767
-0.98157 -2.3279
-0.98052 -2.1316
-0.98048 -2.1703
-0.98037 -2.2876
-0.98016 -2.209
-0.98012 -2.0929
-0.97994 -2.2479
-0.97915 -2.0543
-0.97908 -2.5092
-0.97754 -2.0156
-0.97531 -1.977
-0.97399 -2.5402
-0.97249 -1.9384
-0.96915 -1.8997
-0.96657 -2.5673
-0.96543 -1.8611
-0.96146 -1.8225
-0.9574 -1.7839
-0.95651 -2.5946
-0.95343 -1.7453
-0.94974 -1.7067
-0.94654 -1.668
-0.94392 -1.6292
-0.94363 -2.6198
-0.94195 -1.5904
-0.94059 -1.5515
-0.93982 -1.5125
-0.93953 -1.4735
-0.93947 -1.4347
-0.9393 -1.3963
-0.93871 -1.3585
-0.9375 -1.3214
-0.93561 -1.2849
-0.93312 -1.249
-0.93003 -1.2135
-0.92808 -2.6422
-0.9265 -1.1786
-0.92271 -1.144
-0.91883 -1.1095
-0.91504 -1.0749
-0.91152 -1.04
-0.91025 -2.6614
-0.90843 -1.0045
-0.90593 -0.96843
-0.90405 -0.93162
-0.90283 -0.89401
-0.90224 -0.8557
-0.90207 -0.81686
-0.90201 -0.77781
-0.90173 -0.73903
-0.90096 -0.70098
-0.8996 -0.66377
-0.89763 -0.62729
-0.89501 -0.59149
-0.8918 -0.55628
-0.8908 -2.6765
-0.88811 -0.52146
-0.88414 -0.48686
-0.88008 -0.45235
-0.87611 -0.41775
-0.87239 -0.38293
-0.8703 -2.6868
-0.86906 -0.34773
-0.86626 -0.31198
-0.86422 -0.27545
-0.86348 -0.082442
-0.86333 -0.12143
-0.86306 -0.23798
-0.86302 -0.044086
-0.86293 -0.16064
-0.86272 -0.19963
-0.86175 -0.0066173
-0.85965 0.029916
-0.85684 0.065661
-0.85342 0.10086
-0.84959 0.13568
-0.84924 -2.6921
-0.84553 0.17028
-0.8414 0.2048
-0.83734 0.23939
-0.83351 0.27422
-0.83008 0.30945
-0.828 -2.6901
-0.82734 0.34537
-0.82547 0.38215
-0.82446 0.41979
-0.82415 0.53545
-0.82413 0.49678
-0.82412 0.4581
-0.82381 0.57376
-0.8228 0.61141
-0.82093 0.64819
-0.81819 0.68411
-0.81477 0.71934
-0.81094 0.75417
-0.80688 0.78877
-0.80687 -2.6873
-0.80276 0.8233
-0.7987 0.85789
-0.7949 0.89275
-0.79165 0.92816
-0.78916 0.96432
-0.78746 1.0013
-0.7864 1.0389
-0.78609 -2.6811
-0.78574 1.0769
-0.78522 1.115
-0.78456 1.153
-0.7835 1.1906
-0.7818 1.2275
-0.77931 1.2637
-0.77606 1.2991
-0.77227 1.334
-0.76821 1.3686
-0.7659 -2.672
-0.76409 1.4031
-0.76004 1.4377
-0.75624 1.4726
-0.753 1.508
-0.7505 1.5441
-0.7488 1.5811
-0.74774 1.6187
-0.74708 1.6567
-0.7466 -2.6602
-0.74656 1.6948
-0.74591 1.7328
-0.74485 1.7704
-0.74315 1.8074
-0.74067 1.8435
-0.73744 1.879
-0.73366 1.9138
-0.72963 1.9484
-0.72848 -2.6461
-0.72552 1.9829
-0.72151 2.0176
-0.71789 2.0526
-0.71489 2.0883
-0.71374 2.1247
-0.71261 2.1619
-0.71144 -2.6295
-0.71092 2.1996
-0.70863 2.2377
-0.70582 2.276
-0.70255 2.3144
-0.69889 2.3525
-0.69506 -2.6102
-0.69485 2.3899
-0.69044 2.4261
-0.68566 2.4605
-0.68049 2.493
-0.67891 -2.5877
-0.67488 2.5225
-0.66824 2.5489
-0.66286 -2.5624
-0.65938 2.5736
-0.64682 -2.5382
-0.63813 2.5958
-0.63068 -2.511
-0.6144 -2.4847
-0.59806 -2.4593
-0.58171 -2.4341
-0.56978 2.6155
-0.56532 -2.4088
-0.54884 -2.3828
-0.53213 -2.3561
-0.51516 -2.3301
-0.49786 -2.3043
-0.48031 -2.2786
-0.47337 2.6327
-0.46263 -2.253
-0.44498 -2.2272
-0.42754 -2.2015
-0.4103 -2.1758
-0.40362 2.647
-0.39316 -2.1503
-0.3759 -2.1247
-0.35834 -2.0998
-0.35031 2.6575
-0.34039 -2.0752
-0.32194 -2.0507
-0.30307 -2.0264
-0.29928 2.6642
-0.28389 -2.002
-0.26451 -1.9774
-0.24506 2.6675
-0.24498 -1.9525
-0.22534 -1.9272
-0.20566 -1.9019
-0.18599 -1.8765
-0.18539 2.6675
-0.16635 -1.8511
-0.14683 -1.8258
-0.12753 -1.8006
-0.11884 2.664
-0.10855 -1.7751
-0.090006 -1.7495
-0.071924 -1.7238
-0.054234 -1.698
-0.043694 2.6568
-0.036806 -1.6729
-0.019561 -1.6487
-0.0024284 -1.6245
0.014725 -1.599
0.031976 -1.5708
0.04386 2.6453
0.049459 -1.5426
0.06743 -1.513
0.086296 -1.4821
0.10649 -1.4502
0.12825 -1.4173
0.15192 -1.3826
0.15493 2.6292
0.17781 -1.3456
0.20627 -1.3053
0.23775 -1.2609
0.27246 -1.2126
0.31028 -1.1633
0.31767 2.6086
0.35095 -1.1066
0.39421 -1.0493
0.43976 -0.99127
0.4857 -0.93178
0.5321 -0.87058
0.56491 2.5846
0.57929 -0.8075
0.62744 -0.74249
0.67662 -0.67552
0.72684 -0.60657
0.7781 -0.53566
0.83036 -0.46281
0.86888 2.5593
0.88359 -0.38805
0.93777 -0.3114
0.99285 -0.2329
1.0488 -0.15257
1.1056 -0.070442
1.1414 2.5352
1.1632 0.013467
1.1891 0.036768
1.2388 0.10556
1.2885 0.17435
1.3376 2.5139
1.3382 0.24314
1.3878 0.31192
1.4374 0.3807
1.4641 2.4962
1.487 0.44948
1.5365 0.51825
1.5741 2.4814
1.586 0.58703
1.6355 0.6558
1.666 2.469
1.685 0.72457
1.7344 0.79334
1.748 2.4584
1.7838 0.86211
1.8242 2.4491
1.8331 0.93087
1.8823 0.99961
1.897 2.4412
1.9315 1.0683
1.9669 2.435
1.9814 1.1374
2.0316 1.2067
2.0335 2.4313
2.0821 1.2764
2.0949 2.4296
2.1329 1.3466
2.1506 2.4281
2.1836 1.4168
2.2082 2.4258
2.2338 1.4868
2.2693 2.4229
2.2838 1.5559
2.3281 2.4194
2.333 1.6239
2.3808 1.6902
2.3827 2.4145
2.4266 1.7548
2.4328 2.4101
2.4697 1.8172
2.4784 2.4044
2.5103 1.8776
2.5195 2.397
2.5481 1.9356
2.5559 2.3875
2.5828 1.9911
2.5879 2.3757
2.6139 2.0435
2.6152 2.3617
2.638 2.3453
2.641 2.0924
2.6563 2.326
2.663 2.1378
2.6702 2.3038
2.6781 2.1792
2.6799 2.2783
2.6853 2.2164
2.6858 2.2493
