-1.2913 2.4642
-1.2913 2.0435
-1.2913 2.394
-1.2913 -1.0263
-1.2913 -0.76668
-1.2913 2.2025
-1.2913 2.4577
-1.2913 -1.1136
-1.2913 -0.72263
-1.2913 1.7013
-1.2913 1.9299
-1.2913 2.2923
-1.2913 2.365
-1.2913 -0.98259
-1.2913 -0.85297
-1.2913 -0.81006
-1.2913 -0.63101
-1.2913 1.8726
-1.2913 2.0984
-1.2913 2.2495
-1.2913 2.4351
-1.2913 -0.93901
-1.2913 -0.67751
-1.2913 1.6444
-1.2913 1.8155
-1.2913 2.1518
-1.2913 2.4482
-1.2913 -1.0699
-1.2913 -0.89579
-1.2913 -0.58307
-1.2913 -0.53352
-1.2913 -0.4823
-1.2913 -0.42953
-1.2913 -0.37523
-1.2913 -0.31957
-1.2913 -0.26295
-1.2913 -0.20586
-1.2913 -0.14865
-1.2913 -0.091602
-1.2913 -0.034988
-1.2913 0.021216
-1.2913 0.077395
-1.2913 0.13381
-1.2913 0.19028
-1.2913 0.24662
-1.2913 0.30295
-1.2913 0.35926
-1.2913 0.41525
-1.2913 0.47093
-1.2913 0.52655
-1.2913 0.58207
-1.2913 0.63737
-1.2913 0.69269
-1.2913 0.74815
-1.2913 0.80348
-1.2913 0.85878
-1.2913 0.9143
-1.2913 0.96993
-1.2913 1.0256
-1.2913 1.0816
-1.2913 1.1379
-1.2913 1.1942
-1.2913 1.2504
-1.2913 1.3068
-1.2913 1.363
-1.2913 1.4189
-1.2913 1.475
-1.2913 1.5313
-1.2913 1.5878
-1.2913 1.7584
-1.2913 1.9871
-1.2913 2.3309
-1.2913 2.4174
-1.2857 -1.1573
-1.264 -1.2009
-1.2472 -1.2446
-1.2353 -1.2883
-1.2243 -1.332
-1.2131 -1.3764
-1.2012 -1.4216
-1.1886 -1.4659
-1.1753 -1.5079
-1.1608 -1.548
-1.1443 -1.5865
-1.1244 -1.6237
-1.1243 2.4682
-1.1006 -1.659
-1.0735 -1.6917
-1.0443 -1.721
-1.014 -1.7465
-0.98287 -1.7683
-0.95105 -1.7866
-0.94891 2.4704
-0.91862 -1.802
-0.89115 2.471
-0.88593 -1.8149
-0.85418 -1.8258
-0.85201 2.4704
-0.8273 -1.8345
-0.8145 2.4692
-0.80533 -1.8412
-0.77364 2.4679
-0.76728 -1.8457
-0.72362 -1.8489
-0.72346 2.4672
-0.67995 -1.8514
-0.65181 2.4671
-0.63629 -1.8533
-0.59262 -1.8543
-0.54895 -1.8559
-0.53505 2.4671
-0.50529 -1.8558
-0.46162 -1.8545
-0.41795 -1.8547
-0.37429 -1.8566
-0.3386 2.4671
-0.33062 -1.8597
-0.28695 -1.8639
-0.24329 -1.869
-0.19962 -1.8748
-0.15595 -1.8808
-0.11229 -1.8865
-0.068619 -1.8916
-0.043999 2.4671
-0.024952 -1.8958
0.018714 -1.8988
0.062381 -1.9008
0.10605 -1.9016
0.14971 -1.9015
0.19338 -1.9007
0.23705 -1.9
0.28071 -1.8997
0.29976 2.4671
0.32438 -1.8996
0.36805 -1.8996
0.41171 -1.8996
0.45538 -1.8996
0.49905 -1.8996
0.54271 -1.8996
0.58638 -1.8996
0.59437 2.4671
0.63005 -1.8996
0.67371 -1.8996
0.71738 -1.8996
0.76105 -1.8996
0.79081 2.4671
0.80471 -1.8996
0.84838 -1.8997
0.89205 -1.9002
0.90757 2.4672
0.93571 -1.9014
0.97922 2.4677
0.97938 -1.9027
1.023 -1.9034
1.0294 2.4686
1.0667 -1.903
1.0703 2.4699
1.1078 2.4712
1.1104 -1.9012
1.1469 2.4716
1.154 -1.898
1.1977 -1.893
1.2047 2.4706
1.2414 -1.8859
1.285 -1.8761
1.3287 -1.8631
1.3724 -1.8466
1.38 2.4675
1.416 -1.8262
1.4597 -1.8019
1.5034 -1.7739
1.547 2.1446
1.547 0.18713
1.547 0.79497
1.547 0.52203
1.547 0.86398
1.547 0.93292
1.547 1.0016
1.547 1.0698
1.547 1.1378
1.547 1.2056
1.547 1.2737
1.547 1.3421
1.547 1.4106
1.547 1.8921
1.547 2.4619
1.547 0.25357
1.547 0.38728
1.547 0.65784
1.547 0.72621
1.547 1.5479
1.547 1.9586
1.547 2.0231
1.547 2.3372
1.547 0.055125
1.547 0.12097
1.547 0.58979
1.547 1.4792
1.547 1.6862
1.547 1.7556
1.547 1.8244
1.547 2.4011
1.547 -1.7427
1.547 0.32029
1.547 0.45453
1.547 2.0853
1.547 2.2508
1.547 2.2965
1.547 2.424
1.547 2.4411
1.547 1.6169
1.547 2.2
1.547 2.3722
1.547 2.4534
1.5907 -1.7087
1.6344 -1.6722
1.678 -1.6339
1.7217 -1.594
1.7654 -1.5531
1.809 -1.5114
1.8527 -1.4688
1.8964 -1.4251
1.94 -1.3802
1.9837 -1.3342
2.0274 -1.2871
2.071 -1.2389
2.1147 -1.1893
2.1584 -1.1379
2.202 -1.084
2.2457 -1.0273
2.2894 -0.96783
2.333 -0.90631
2.3767 -0.84309
2.4204 -0.77926
2.464 -0.71476
2.5077 -0.64936
2.5514 -0.58295
2.595 -0.5155
2.6387 -0.44699
2.6824 -0.37745
2.726 -0.30689
2.7697 -0.23535
2.8134 -0.16285
2.857 -0.08943
2.9007 -0.015122
