-1.8003 -0.53315
-1.8003 -0.13908
-1.8003 -0.0077267
-1.8003 0.12363
-1.8003 0.25498
-1.8003 0.38634
-1.8003 0.51769
-1.8003 0.64905
-1.8003 0.7804
-1.8003 0.91176
-1.8003 1.0431
-1.8003 1.1745
-1.8003 1.3058
-1.8003 1.4372
-1.8003 1.8312
-1.8003 2.115
-1.8003 -0.40179
-1.8003 1.5685
-1.8003 1.6999
-1.8003 -0.27044
-1.8003 1.9626
-1.8003 2.0322
-1.7592 -0.6645
-1.7273 -0.79585
-1.6896 -0.92721
-1.6381 -1.0586
-1.5583 -1.1899
-1.4646 -1.3213
-1.3651 -1.3965
-1.3208 2.1972
-1.2749 -1.4814
-1.1747 2.2949
-1.1436 -1.5384
-1.0122 -1.535
-0.90792 2.336
-0.88085 -1.5429
-0.74949 -1.5615
-0.61814 -1.584
-0.48678 -1.584
-0.35543 -1.584
-0.22408 -1.584
-0.092721 -1.584
-0.027044 2.3061
0.038634 -1.584
0.16999 -1.584
0.30134 -1.584
0.4327 -1.584
0.56405 -1.584
0.69541 -1.584
0.82676 -1.584
0.85384 2.2538
0.95812 -1.584
1.0895 -1.584
1.1206 2.2253
1.2208 -1.584
1.2668 2.0939
1.3522 -1.584
1.4835 -1.584
1.6149 -1.584
1.7462 1.8312
1.7462 0.25498
1.7462 1.6999
1.7462 0.12363
1.7462 0.64905
1.7462 0.7804
1.7462 0.91176
1.7462 1.0431
1.7462 0.38634
1.7462 0.51769
1.7462 1.1745
1.7462 1.3058
1.7462 1.4372
1.7462 1.5685
1.7462 1.9626
1.7462 -1.584
1.8776 -1.584
2.009 -1.584
2.1403 -1.584
2.2717 -1.584
2.403 -1.584
2.5344 -1.584
2.6657 -1.584
2.7971 -1.584
2.9284 -1.584
3.0598 -1.584
