-1.7867 0.66174
-1.7865 0.7091
-1.7863 0.61343
-1.7858 0.56432
-1.7856 0.51515
-1.7855 0.46638
-1.7855 -0.067413
-1.7855 0.36929
-1.7855 -0.64969
-1.7855 -0.16446
-1.7855 -0.4556
-1.7855 -0.40707
-1.7855 -0.21298
-1.7855 0.1752
-1.7855 -0.55264
-1.7855 -0.31003
-1.7855 0.32077
-1.7855 -0.69821
-1.7855 -0.2615
-1.7855 -0.11594
-1.7855 0.078155
-1.7855 -0.74673
-1.7855 -0.50412
-1.7855 -0.35855
-1.7855 0.22372
-1.7855 0.029632
-1.7855 0.12668
-1.7855 -0.60116
-1.7855 0.27225
-1.7855 0.41782
-1.7855 -0.018891
-1.7851 0.75562
-1.785 -0.79526
-1.7832 0.80129
-1.7807 0.84596
-1.778 -0.84378
-1.7779 0.88947
-1.7747 0.93193
-1.771 0.97384
-1.7669 1.016
-1.7624 1.0599
-1.7614 -0.8923
-1.7576 1.104
-1.752 1.149
-1.7469 -0.94083
-1.7446 1.1971
-1.7351 1.2443
-1.735 -0.98894
-1.7248 1.2925
-1.7235 -1.0342
-1.7137 1.3393
-1.7117 -1.077
-1.7018 1.3857
-1.6991 -1.1192
-1.6889 1.4324
-1.6857 -1.161
-1.6754 1.4797
-1.6713 -1.202
-1.6613 1.5272
-1.6555 -1.2423
-1.6468 1.5729
-1.6373 -1.282
-1.6313 1.6152
-1.6153 -1.3214
-1.6144 1.6545
-1.5958 1.6915
-1.5888 -1.3601
-1.5755 1.7265
-1.5585 -1.3973
-1.5535 1.7594
-1.5297 1.7893
-1.5257 -1.4314
-1.5044 1.8157
-1.4916 -1.4615
-1.4773 1.8381
-1.4565 -1.4875
-1.4487 1.8566
-1.4216 1.8706
-1.4205 -1.51
-1.3941 1.8839
-1.3839 -1.5295
-1.3673 1.895
-1.3468 -1.5466
-1.3364 1.9039
-1.3102 -1.5618
-1.2976 1.9106
-1.2762 -1.5757
-1.2538 1.9158
-1.2443 -1.5883
-1.2075 1.9199
-1.2027 -1.5986
-1.1592 1.9232
-1.1547 -1.6053
-1.1091 1.9255
-1.1062 -1.61
-1.0577 -1.6132
-1.057 1.9265
-1.0092 -1.6148
-1.0024 1.9256
-0.96064 -1.6174
-0.9436 1.9231
-0.91212 -1.6193
-0.87659 1.9195
-0.8636 -1.6204
-0.81507 -1.6204
-0.79942 1.916
-0.76655 -1.6188
-0.71803 -1.6186
-0.71365 1.912
-0.6695 -1.62
-0.62402 1.9083
-0.62098 -1.6224
-0.57246 -1.6255
-0.53359 1.9037
-0.52394 -1.6297
-0.47541 -1.635
-0.44388 1.8978
-0.42689 -1.6412
-0.37837 -1.6479
-0.35557 1.8918
-0.32984 -1.6541
-0.28132 -1.6593
-0.26887 1.8871
-0.2328 -1.6634
-0.18428 -1.6665
-0.18381 1.8834
-0.13575 -1.6688
-0.10033 1.8792
-0.08723 -1.6703
-0.038707 -1.6707
0.0098157 -1.6696
0.014579 1.8759
0.058339 -1.6676
0.10686 -1.6666
0.11032 1.8734
0.15538 -1.6671
0.19801 1.8724
0.20391 -1.6687
0.25243 -1.6711
0.28999 1.8722
0.30095 -1.6743
0.34948 -1.6785
0.36738 1.8701
0.398 -1.6838
0.44424 1.8675
0.44652 -1.6901
0.49504 -1.6967
0.52031 1.8648
0.54357 -1.7029
0.59209 -1.7081
0.5952 1.862
0.64061 -1.7114
0.66833 1.8592
0.68914 -1.7141
0.73766 -1.7163
0.73894 1.8563
0.78618 -1.718
0.80612 1.8545
0.8347 -1.7197
0.86892 1.8529
0.88323 -1.7207
0.92694 1.8516
0.93175 -1.721
0.98026 -1.7198
0.98154 1.8502
1.0282 -1.7172
1.0341 1.8456
1.0704 -1.7133
1.0849 1.8372
1.1129 -1.7083
1.134 1.8265
1.1549 -1.7021
1.1807 1.8143
1.1962 -1.6948
1.2247 1.8008
1.2368 -1.6867
1.2666 1.786
1.2766 -1.678
1.307 1.7694
1.3158 -1.6689
1.3452 1.751
1.3545 -1.6587
1.3824 1.7303
1.3929 -1.6462
1.4179 1.7071
1.4307 -1.6303
1.4516 1.681
1.4673 -1.6106
1.4836 1.6518
1.5014 -1.5875
1.5138 1.6193
1.532 -1.5612
1.5421 1.5845
1.5584 -1.5323
1.5686 1.5483
1.5807 -1.5009
1.5931 1.5114
1.5998 -1.4673
1.6151 1.4738
1.6164 -1.4314
1.6312 -1.3932
1.6342 1.4353
1.6446 -1.3523
1.6478 1.396
1.6572 -1.3096
1.6606 1.3578
1.6697 -1.2661
1.6729 1.319
1.682 -1.2219
1.6848 1.2809
1.6914 -1.1769
1.6961 1.2398
1.6965 -1.1318
1.6987 -0.01933
1.6998 -1.0859
1.7006 -0.060431
1.7021 -1.039
1.7023 -0.10216
1.7039 -0.14451
1.7041 -0.99098
1.7053 -0.18745
1.7058 -0.94219
1.7067 -0.23098
1.7067 1.194
1.7073 -0.89295
1.7079 -0.27506
1.7086 -0.84392
1.7089 -0.31968
1.7097 -0.79527
1.7098 -0.36483
1.7105 -0.74673
1.7105 -0.4105
1.7111 -0.4567
1.7111 -0.69817
1.7115 -0.50351
1.7115 -0.6494
1.7117 -0.55118
1.7117 -0.60027
1.7172 1.1457
1.7288 1.0971
1.7432 1.0486
1.7482 1.0001
1.7517 0.95157
1.7541 0.90304
1.7549 0.029632
1.7554 0.078155
1.7558 0.85452
1.7559 0.12668
1.7564 0.1752
1.7568 0.22372
1.757 0.806
1.7572 0.27225
1.7576 0.32077
1.7578 0.75748
1.758 0.36929
1.7583 0.41782
1.7584 0.70895
1.7586 0.46634
1.7587 0.66043
1.7588 0.51486
1.7588 0.61191
1.7589 0.56338
