-1.6164 -1.1252
-1.6163 -1.0572
-1.615 -1.1931
-1.6148 -0.98926
-1.6125 -1.2584
-1.6123 -0.92127
-1.609 -0.85329
-1.6054 -1.3154
-1.6028 -0.78531
-1.5943 -0.71733
-1.5937 -1.3724
-1.5839 -0.64935
-1.5799 -1.428
-1.5726 -0.58136
-1.5643 -1.4845
-1.5619 -0.51338
-1.5529 -0.4454
-1.5464 -1.5395
-1.5462 -0.37729
-1.5437 -0.17211
-1.5436 -0.10645
-1.5427 -0.30854
-1.5425 -0.23957
-1.5403 -0.042286
-1.5337 0.020116
-1.5248 -1.594
-1.5247 0.080227
-1.514 0.13804
-1.5028 0.19484
-1.4968 -1.6476
-1.4923 0.25265
-1.4838 0.31276
-1.4776 0.64142
-1.4774 0.37516
-1.4768 0.71016
-1.4752 0.57244
-1.4735 0.43933
-1.4729 0.77828
-1.4728 0.50499
-1.4665 0.84626
-1.4594 -1.6976
-1.4579 0.91424
-1.4475 0.98222
-1.4363 1.0502
-1.4256 1.1182
-1.4167 1.1862
-1.4101 1.2547
-1.4096 -1.7421
-1.4093 1.5241
-1.4083 1.4588
-1.4076 1.588
-1.4068 1.392
-1.4068 1.3238
-1.4026 1.6505
-1.3947 1.7101
-1.3834 1.768
-1.3679 1.8227
-1.3517 -1.7808
-1.3481 1.8735
-1.3244 1.9195
-1.2976 1.9604
-1.2944 -1.8119
-1.2675 1.9969
-1.24 -1.8416
-1.2343 2.029
-1.1962 2.0565
-1.1871 -1.8666
-1.1541 2.079
-1.1324 -1.8853
-1.1077 2.0963
-1.0716 -1.8955
-1.0565 2.1094
-1.011 -1.8999
-0.99937 2.1194
-0.95211 -1.904
-0.9362 2.1275
-0.89196 -1.9097
-0.86755 2.1328
-0.8324 -1.9162
-0.7929 2.1367
-0.77385 -1.9233
-0.71476 -1.9308
-0.71124 2.1391
-0.6538 -1.9385
-0.62237 2.1402
-0.59076 -1.9454
-0.52844 2.1412
-0.52553 -1.9524
-0.45799 -1.9594
-0.43601 2.1408
-0.38892 -1.9673
-0.34949 2.1396
-0.31993 -1.9763
-0.268 2.1392
-0.25156 -1.9839
-0.19059 2.1398
-0.18352 -1.9905
-0.11626 2.1392
-0.11554 -1.9966
-0.047554 -2.0022
-0.044768 2.1378
0.020428 -2.0059
0.023027 2.1353
0.08841 -2.0086
0.088974 2.1311
0.15639 -2.0102
0.15639 2.1269
0.22437 2.1217
0.22437 -2.0108
0.29236 2.1151
0.29236 -2.0113
0.36034 -2.0116
0.36034 2.1079
0.42832 2.1
0.42832 -2.0103
0.4963 -2.0106
0.4963 2.0912
0.56428 2.0819
0.56428 -2.0103
0.63227 2.0734
0.6326 -2.0101
0.70025 2.0633
0.70174 -2.0087
0.76823 2.0497
0.77095 -2.0056
0.83621 2.0335
0.83916 -2.0023
0.90419 2.0159
0.90553 -1.9974
0.97017 -1.9917
0.97218 1.9977
1.0329 -1.9855
1.0401 1.9802
1.093 -1.9798
1.1061 1.9628
1.1497 -1.9759
1.1617 1.9413
1.2013 -1.9713
1.2134 1.9133
1.2459 -1.9613
1.2653 1.8805
1.2842 -1.9434
1.3159 1.844
1.3175 -1.9176
1.3465 -1.8845
1.3642 1.8051
1.3712 -1.8454
1.3914 -1.8012
1.4074 -1.7524
1.4087 1.7619
1.4203 -1.6986
1.4305 -1.64
1.4382 -1.58
1.4445 -1.5199
1.4462 -0.92127
1.4467 -0.98926
1.4468 1.7152
1.4473 -0.85329
1.4477 -1.0572
1.4483 -1.1253
1.4484 -1.4583
1.4493 -1.1939
1.4501 -0.78531
1.4506 -1.395
1.4506 -1.2627
1.4509 -1.33
1.4543 -0.71733
1.4606 -0.64935
1.4672 -0.58136
1.4739 -0.51338
1.4752 1.665
1.481 -0.4454
1.4884 -0.37742
1.4943 1.612
1.4963 -0.30944
1.5018 0.030475
1.5045 -0.24145
1.5089 1.5566
1.5129 -0.17347
1.515 0.098457
1.5215 -0.10549
1.5227 1.4989
1.527 0.16644
1.5301 -0.037507
1.5363 1.4397
1.538 0.23442
1.5479 0.3024
1.5492 1.3768
1.5567 0.37039
1.5615 1.3134
1.5645 0.43837
1.5712 0.50635
1.5732 1.2499
1.5771 0.57433
1.5821 0.64231
1.5823 1.1855
1.5851 1.1195
1.586 0.7103
1.587 1.0514
1.5873 0.77828
1.5878 0.98252
1.588 0.84626
1.5881 0.91425
