-1.8784 -1.0009
-1.8784 -0.97074
-1.8775 -1.0312
-1.8775 -0.94062
-1.8762 -0.91035
-1.8758 -1.0616
-1.8755 -0.75036
-1.8755 -0.71551
-1.8753 -0.67931
-1.8753 -0.78406
-1.8751 -0.87974
-1.875 -0.81675
-1.875 -0.64168
-1.8748 -0.8486
-1.8743 -0.60256
-1.8733 -0.562
-1.873 -1.0916
-1.8718 -0.52011
-1.8698 -0.4771
-1.8692 -1.1211
-1.8673 -0.43316
-1.8643 -1.15
-1.8643 -0.38851
-1.8609 -0.34332
-1.8581 -1.1781
-1.8571 -0.29771
-1.8527 -0.25181
-1.8501 -1.2054
-1.848 -0.20572
-1.8429 -0.15961
-1.84 -1.2316
-1.8377 -0.11365
-1.8323 -0.068006
-1.8275 -1.2566
-1.8269 -0.022667
-1.8215 0.022503
-1.8161 0.067674
-1.8121 -1.2802
-1.8107 0.11293
-1.8055 0.15834
-1.8003 0.20391
-1.7954 0.24967
-1.794 -1.3021
-1.7905 0.29563
-1.7856 0.34179
-1.7806 0.38813
-1.7758 0.43461
-1.773 -1.3222
-1.7711 0.48121
-1.7666 0.52788
-1.7621 0.57458
-1.7575 0.62129
-1.7528 0.66797
-1.7495 -1.3403
-1.7482 0.71457
-1.7436 0.76107
-1.7391 0.80743
-1.7346 0.85362
-1.7299 0.89964
-1.7251 0.94546
-1.7236 -1.3562
-1.7201 0.99113
-1.7152 1.0367
-1.7104 1.0823
-1.7054 1.1281
-1.7004 1.1741
-1.6957 -1.3699
-1.6952 1.2201
-1.69 1.2662
-1.685 1.3123
-1.6801 1.3581
-1.6753 1.4036
-1.6707 1.4483
-1.6662 1.492
-1.6657 -1.3814
-1.6616 1.5345
-1.6571 1.5753
-1.6528 1.6145
-1.6485 1.6518
-1.644 1.6871
-1.6391 1.7202
-1.634 -1.3912
-1.6336 1.751
-1.6272 1.7794
-1.6198 1.8052
-1.6112 1.8285
-1.6009 1.8491
-1.6003 -1.3994
-1.5889 1.8671
-1.5749 1.8826
-1.5648 -1.4064
-1.5589 1.8957
-1.5409 1.9067
-1.5277 -1.4125
-1.5207 1.9156
-1.4986 1.9229
-1.4893 -1.4177
-1.4746 1.9285
-1.4504 -1.4223
-1.4489 1.9328
-1.4219 1.9357
-1.4114 -1.4262
-1.394 1.9375
-1.3723 -1.4294
-1.366 1.9385
-1.3377 1.9387
-1.3328 -1.4321
-1.3091 1.9384
-1.2928 -1.4341
-1.28 1.9378
-1.2522 -1.4359
-1.2504 1.937
-1.2202 1.9362
-1.2113 -1.4377
-1.1894 1.9354
-1.1704 -1.4398
-1.1581 1.9349
-1.1295 -1.4424
-1.1263 1.9346
-1.0939 1.9345
-1.0888 -1.4453
-1.0611 1.9344
-1.0481 -1.4486
-1.0278 1.9344
-1.0077 -1.452
-0.99404 1.9344
-0.9673 -1.4553
-0.96095 1.9344
-0.92741 1.9344
-0.92696 -1.4584
-0.88663 -1.4612
-0.8829 1.9345
-0.84631 -1.4638
-0.81564 1.9346
-0.806 -1.4664
-0.7657 -1.469
-0.7486 1.9349
-0.7254 -1.4719
-0.69101 1.9353
-0.68511 -1.475
-0.64483 -1.4785
-0.63799 1.9358
-0.60454 -1.482
-0.58622 1.9364
-0.56426 -1.4854
-0.53063 1.9368
-0.52398 -1.4886
-0.48369 -1.4914
-0.47186 1.9369
-0.44341 -1.4941
-0.4096 1.9367
-0.40313 -1.4966
-0.36285 -1.4993
-0.34822 1.936
-0.32256 -1.5021
-0.28316 1.9347
-0.28227 -1.5053
-0.24197 -1.5087
-0.21295 1.9328
-0.20172 -1.5122
-0.16149 -1.5156
-0.13373 1.9302
-0.12122 -1.5188
-0.080853 -1.5216
-0.04028 -1.5243
-0.036868 1.9268
0.00054279 -1.5269
0.041568 -1.5296
0.082728 -1.5325
0.090698 1.9227
0.12392 -1.5357
0.165 -1.5392
0.20585 -1.5429
0.24634 -1.5466
0.25616 1.9178
0.28628 -1.5502
0.32553 -1.5535
0.36397 -1.5565
0.40148 -1.5591
0.438 -1.5613
0.44396 1.912
0.47352 -1.5631
0.50802 -1.5647
0.54156 -1.5662
0.5742 -1.5678
0.60601 -1.5694
0.62093 1.9054
0.63712 -1.571
0.66763 -1.5727
0.69766 -1.5743
0.72738 -1.576
0.75693 -1.5779
0.76521 1.8979
0.78649 -1.5799
0.81619 -1.5822
0.8461 -1.5848
0.87618 -1.5875
0.87627 1.8899
0.90637 -1.5902
0.93659 -1.5927
0.96304 1.8813
0.96681 -1.595
0.99705 -1.597
1.0274 -1.5988
1.0341 1.8723
1.0579 -1.6003
1.0885 -1.6018
1.0952 1.8631
1.1193 -1.6031
1.1497 1.8539
1.15 -1.6045
1.1807 -1.6058
1.1995 1.8448
1.2112 -1.607
1.2414 -1.608
1.2459 1.836
1.2711 -1.6089
1.2897 1.8276
1.3002 -1.6098
1.3287 -1.6103
1.3315 1.8195
1.3566 -1.6103
1.3723 1.8113
1.3837 -1.6092
1.41 -1.6056
1.4136 1.8028
1.4355 -1.6013
1.4569 1.7936
1.46 -1.5953
1.4834 -1.5875
1.4993 1.7837
1.5055 -1.5779
1.5265 -1.5663
1.5301 1.7727
1.5462 -1.5529
1.5507 1.7606
1.5647 -1.5376
1.5684 1.7471
1.5819 -1.5205
1.5853 1.7319
1.598 -1.5016
1.6013 1.7149
1.6128 -1.4809
1.6163 1.6959
1.6265 -1.4584
1.6305 1.675
1.6389 -1.4344
1.6439 1.652
1.65 -1.4088
1.6564 1.6273
1.6597 -1.3817
1.668 1.6011
1.668 -1.3529
1.6749 -1.3225
1.6788 1.5735
1.6805 -1.2904
1.6848 -1.2567
1.6881 -1.2215
1.6887 1.5449
1.6903 -1.1848
1.6916 -1.1467
1.6923 -1.1074
1.6926 -1.0671
1.6928 -1.0261
1.693 -0.98455
1.6934 -0.94262
1.694 -0.90038
1.6949 -0.85803
1.6963 -0.8157
1.6978 1.5154
1.698 -0.77348
1.7002 -0.73145
1.7031 -0.68983
1.7056 -0.64813
1.7061 1.4853
1.7078 -0.60639
1.7099 -0.56463
1.7117 -0.52285
1.7135 -0.48106
1.7136 1.4546
1.7152 -0.43926
1.7168 -0.39745
1.7183 -0.35562
1.7196 -0.31379
1.7203 1.4235
1.7209 -0.27193
1.722 -0.23006
1.723 -0.18817
1.7239 -0.14627
1.7245 -0.10434
1.7251 -0.062401
1.7254 -0.02044
1.726 1.3923
1.7308 1.3612
1.7346 1.3305
1.7374 1.3
1.7391 1.2697
1.7405 1.2394
1.7423 1.2092
1.7446 1.179
1.747 1.1488
1.7471 0.0083547
1.748 0.054741
1.7488 0.10055
1.7492 1.1187
1.7496 0.14577
1.7504 0.19039
1.7511 0.2344
1.7513 1.0888
1.7518 0.27779
1.7525 0.32055
1.7531 0.36267
1.7534 1.059
1.7537 0.40415
1.7543 0.44498
1.7548 0.48516
1.7551 1.0293
1.7552 0.5247
1.7556 0.56362
1.7559 0.60194
1.7562 0.63969
1.7565 0.99965
1.7566 0.67689
1.7571 0.71343
1.7575 0.74838
1.7575 0.9699
1.7577 0.78236
1.7578 0.81539
1.758 0.84754
1.7581 0.93994
1.7582 0.87891
1.7582 0.90966
