-1.9163 -0.69876
-1.9161 -0.72583
-1.9155 -0.67189
-1.9151 -0.75288
-1.9137 -0.64529
-1.9134 -0.77963
-1.9112 -0.61892
-1.9109 -0.80587
-1.9086 -0.59262
-1.9079 -0.83155
-1.9063 -0.5663
-1.9046 -0.54005
-1.9041 -0.85668
-1.9032 -0.51367
-1.9018 -0.4874
-1.9005 -0.46094
-1.8997 -0.88131
-1.8992 -0.43443
-1.8976 -0.40792
-1.896 -0.38144
-1.8943 -0.90548
-1.8942 -0.35506
-1.8927 -0.32881
-1.8912 -0.30274
-1.8897 -0.27685
-1.8882 -0.25116
-1.888 -0.92921
-1.8868 -0.22567
-1.8854 -0.20038
-1.8842 -0.17527
-1.883 -0.15034
-1.8817 -0.12556
-1.8807 -0.9525
-1.8805 -0.10092
-1.879 -0.076378
-1.8775 -0.051914
-1.8757 -0.027496
-1.8737 -0.0030931
-1.8721 -0.9753
-1.8715 0.021325
-1.8691 0.045789
-1.8665 0.070329
-1.8639 0.094975
-1.8622 -0.99755
-1.8612 0.11975
-1.8584 0.14469
-1.8555 0.16979
-1.8526 0.19508
-1.8511 -1.0191
-1.8497 0.22057
-1.8469 0.24626
-1.8441 0.27215
-1.8414 0.29823
-1.8388 0.32448
-1.8387 -1.0399
-1.8362 0.35086
-1.8336 0.37733
-1.8311 0.40385
-1.8284 0.43035
-1.8257 0.45681
-1.8252 -1.0597
-1.823 0.48321
-1.8203 0.50954
-1.8176 0.53581
-1.815 0.56206
-1.8124 0.5883
-1.8107 -1.0784
-1.8098 0.61455
-1.8073 0.64079
-1.8048 0.66703
-1.8022 0.69328
-1.7995 0.71953
-1.7968 0.7458
-1.7953 -1.0957
-1.7941 0.77211
-1.7914 0.79849
-1.7887 0.82493
-1.7861 0.85143
-1.7836 0.87794
-1.7811 0.90443
-1.7793 -1.1118
-1.7785 0.93085
-1.776 0.95713
-1.7733 0.98326
-1.7706 1.0092
-1.7679 1.0351
-1.7652 1.0608
-1.7628 -1.1265
-1.7626 1.0863
-1.7601 1.1117
-1.7576 1.137
-1.7551 1.1621
-1.7527 1.187
-1.7504 1.2118
-1.7481 1.2365
-1.746 1.261
-1.7459 -1.14
-1.7439 1.2854
-1.7419 1.3096
-1.74 1.3336
-1.738 1.3575
-1.7359 1.3812
-1.7335 1.4048
-1.7308 1.4282
-1.7287 -1.1525
-1.7276 1.4514
-1.7239 1.4745
-1.7196 1.4972
-1.7147 1.5197
-1.7113 -1.164
-1.7091 1.5417
-1.7027 1.5633
-1.6955 1.5844
-1.6938 -1.1748
-1.6874 1.6049
-1.6783 1.6248
-1.6759 -1.185
-1.668 1.6439
-1.6578 -1.1947
-1.6564 1.6622
-1.6435 1.6796
-1.6394 -1.2039
-1.6285 1.696
-1.6205 -1.2127
-1.613 1.7114
-1.6011 -1.221
-1.597 1.726
-1.5814 -1.2289
-1.5805 1.7396
-1.5634 1.7525
-1.5613 -1.2363
-1.5457 1.7646
-1.541 -1.2431
-1.5274 1.776
-1.5206 -1.2494
-1.5083 1.7868
-1.4999 -1.2554
-1.4886 1.797
-1.4789 -1.2613
-1.4681 1.8066
-1.4576 -1.2674
-1.447 1.8157
-1.436 -1.2737
-1.4251 1.8246
-1.4141 -1.2801
-1.4025 1.8332
-1.3924 -1.2865
-1.3793 1.8416
-1.3705 -1.2929
-1.3553 1.8499
-1.3483 -1.2991
-1.3307 1.8581
-1.3253 -1.3053
-1.3053 1.8661
-1.3019 -1.3113
-1.2793 1.8741
-1.2784 -1.3173
-1.2547 -1.3232
-1.2527 1.8819
-1.2308 -1.3289
-1.2255 1.8896
-1.2068 -1.3345
-1.198 1.897
-1.1827 -1.34
-1.1695 1.9042
-1.1586 -1.3453
-1.1374 1.9111
-1.1346 -1.3504
-1.1106 -1.3555
-1.0995 1.9177
-1.0869 -1.3604
-1.0633 -1.3651
-1.0592 1.9239
-1.0401 -1.3698
-1.0198 1.9298
-1.0171 -1.3743
-0.99439 -1.3788
-0.98183 1.9351
-0.97198 -1.3832
-0.9498 -1.3876
-0.94449 1.9398
-0.92778 -1.3919
-0.90722 1.9439
-0.90583 -1.3962
-0.8839 -1.4005
-0.86967 1.9474
-0.86188 -1.4048
-0.83971 -1.4091
-0.83157 1.9503
-0.81734 -1.4134
-0.79469 -1.4177
-0.79258 1.9525
-0.77174 -1.4221
-0.75228 1.9541
-0.74844 -1.4265
-0.72478 -1.4309
-0.71004 1.955
-0.70076 -1.4353
-0.67639 -1.4397
-0.66498 1.9553
-0.65171 -1.444
-0.62673 -1.4482
-0.61588 1.9549
-0.60149 -1.4522
-0.576 -1.456
-0.56122 1.954
-0.55028 -1.4595
-0.52435 -1.4628
-0.49918 1.9526
-0.49821 -1.4659
-0.47192 -1.4687
-0.44553 -1.4713
-0.428 1.9507
-0.41907 -1.4738
-0.39256 -1.4763
-0.36604 -1.4786
-0.34644 1.9485
-0.33951 -1.4809
-0.31303 -1.4831
-0.28662 -1.4853
-0.26028 -1.4874
-0.25419 1.946
-0.234 -1.4895
-0.20775 -1.4914
-0.1815 -1.4931
-0.15526 -1.4947
-0.15277 1.9432
-0.12902 -1.4962
-0.10277 -1.4977
-0.076529 -1.4991
-0.050286 -1.5005
-0.046058 1.9402
-0.024042 -1.502
0.0022011 -1.5036
0.028444 -1.5053
0.054688 -1.5072
0.060305 1.937
0.080931 -1.5093
0.10717 -1.5114
0.13342 -1.5136
0.15966 -1.5157
0.16038 1.9337
0.1859 -1.5178
0.21215 -1.5198
0.23839 -1.5217
0.25006 1.9304
0.26464 -1.5234
0.29088 -1.5251
0.31712 -1.5267
0.32797 1.927
0.34337 -1.5283
0.36961 -1.5297
0.39507 1.9236
0.39585 -1.5311
0.4221 -1.5323
0.44834 -1.5334
0.45348 1.9201
0.47458 -1.5344
0.50083 -1.5352
0.50542 1.9167
0.52707 -1.5358
0.55264 1.9132
0.55331 -1.5364
0.57956 -1.537
0.59647 1.9097
0.6058 -1.5374
0.63204 -1.5379
0.6379 1.9062
0.65829 -1.5385
0.67771 1.9027
0.68453 -1.5391
0.71077 -1.5398
0.71639 1.8993
0.73702 -1.5406
0.75428 1.896
0.76326 -1.5417
0.7895 -1.5429
0.79172 1.8929
0.81575 -1.5444
0.8291 1.8899
0.84199 -1.546
0.86716 1.887
0.86823 -1.5478
0.89448 -1.5496
0.90721 1.8842
0.92072 -1.5514
0.94696 -1.553
0.95087 1.8814
0.97321 -1.5544
0.99721 1.8786
0.99945 -1.5559
1.0257 -1.5574
1.0287 1.8756
1.0519 -1.5589
1.0588 1.8725
1.0782 -1.5604
1.0876 1.8692
1.1046 -1.5619
1.1153 1.8657
1.131 -1.5634
1.1456 1.8619
1.1575 -1.5648
1.1717 1.8578
1.1841 -1.5662
1.1963 1.8532
1.2108 -1.5673
1.2204 1.8481
1.2375 -1.5679
1.2442 1.8425
1.2643 -1.5681
1.2678 1.8363
1.291 1.8296
1.291 -1.5678
1.314 1.8222
1.3178 -1.567
1.3367 1.8142
1.3444 -1.5657
1.3591 1.8055
1.3709 -1.5641
1.3812 1.7961
1.3972 -1.5621
1.4031 1.786
1.4231 -1.5597
1.4247 1.7751
1.446 1.7637
1.4486 -1.557
1.4671 1.7517
1.4735 -1.554
1.4879 1.7392
1.4979 -1.5506
1.5084 1.7263
1.5216 -1.5467
1.5287 1.713
1.5445 -1.5422
1.5487 1.6994
1.5665 -1.5369
1.5684 1.6856
1.5876 -1.5307
1.5877 1.6715
1.6067 1.6573
1.6076 -1.5232
1.6251 1.6432
1.6265 -1.5144
1.6436 1.6292
1.6441 -1.5042
1.6603 -1.4924
1.6621 1.6154
1.6751 -1.4793
1.6805 1.6017
1.6884 -1.465
1.6986 1.5882
1.7004 -1.4497
1.7111 -1.4335
1.716 1.5747
1.7206 -1.4164
1.7291 -1.3984
1.7329 1.561
1.7365 -1.3797
1.743 -1.3602
1.7486 -1.3398
1.7492 1.5471
1.7534 -1.3186
1.7575 -1.2965
1.761 -1.2735
1.7641 -1.25
1.765 1.533
1.7668 -1.2262
1.7693 -1.2024
1.7717 -1.1789
1.774 -1.1555
1.7762 -1.1321
1.7783 -1.1086
1.7805 1.5186
1.7805 -1.0848
1.7827 -1.0608
1.785 -1.037
1.7874 -1.0132
1.7899 -0.98973
1.7925 -0.96613
1.7952 -0.94262
1.7954 1.504
1.798 -0.9192
1.8007 -0.89586
1.8035 -0.87264
1.8062 -0.84954
1.809 -0.82654
1.81 1.4889
1.8117 -0.80358
1.8144 -0.78058
1.8171 -0.75748
1.8198 -0.73423
1.8226 -0.71076
1.8241 1.4733
1.8255 -0.68705
1.8286 -0.66307
1.8316 -0.63848
1.8345 -0.61332
1.8372 -0.58763
1.8376 1.4571
1.8398 -0.56146
1.8423 -0.53485
1.8447 -0.5078
1.8471 -0.48033
1.8494 -0.45244
1.8505 1.4402
1.8517 -0.42414
1.8539 -0.39542
1.8561 -0.36627
1.8582 -0.3367
1.8602 -0.3067
1.8622 -0.27626
1.8628 1.4225
1.8641 -0.24539
1.866 -0.21407
1.8678 -0.1823
1.8695 -0.15007
1.8712 -0.11739
1.8728 -0.084244
1.8743 -0.050629
1.8744 1.4039
1.8757 -0.016543
1.8787 0.018826
1.8819 0.052949
1.885 0.087053
1.8853 1.3844
1.8882 0.12114
1.8913 0.1552
1.8943 0.18924
1.8951 1.3638
1.8973 0.22326
1.9003 0.25726
1.9031 0.29123
1.9039 1.3421
1.906 0.32516
1.9087 0.35907
1.9114 0.39295
1.9115 1.3193
1.914 0.42679
1.9165 0.4606
1.9178 1.2952
1.919 0.49436
1.9213 0.52809
1.9231 1.27
1.9235 0.56178
1.9257 0.59544
1.9273 1.2437
1.9277 0.62907
1.9296 0.66268
1.9307 1.2163
1.9314 0.6963
1.933 0.72997
1.9336 1.1878
1.9346 0.76374
1.9359 1.1584
1.936 0.7976
1.9374 0.83172
1.9378 1.1282
1.9388 0.86577
1.9394 1.0971
1.94 0.89972
1.9406 1.0655
1.9412 0.9335
1.9414 1.0331
1.9417 0.96706
1.9418 1.0003
