-1.8167 -0.8969
-1.8144 -0.54639
-1.8144 -0.72164
-1.8144 0.85566
-1.8144 -0.37113
-1.8144 -0.19587
-1.8144 -0.020618
-1.8144 0.15464
-1.8144 0.32989
-1.8144 0.50515
-1.8144 0.6804
-1.8128 1.0309
-1.7962 -1.0722
-1.7885 1.2062
-1.7413 -1.2474
-1.7401 1.3661
-1.6425 1.5121
-1.6209 -1.4263
-1.5392 1.6358
-1.4662 -1.5814
-1.4275 1.7358
-1.2886 -1.7036
-1.28 1.8145
-1.1134 -1.7672
-1.1134 1.8674
-0.93813 1.9013
-0.93813 -1.7877
-0.77179 -1.7959
-0.76288 1.9072
-0.63363 -1.7638
-0.58762 1.9072
-0.54161 -1.7047
-0.40345 -1.6593
-0.32469 1.9072
-0.23711 -1.6026
-0.06932 1.9072
-0.061855 -1.5445
0.1134 -1.4845
0.28866 -1.4283
0.30634 1.8877
0.46391 -1.3934
0.63917 -1.354
0.7684 1.8507
0.81442 -1.3168
0.98968 -1.288
1.1649 -1.2612
1.215 1.7897
1.3402 -1.2046
1.4797 1.6754
1.4985 -1.1515
1.6446 -1.0727
1.6921 1.5372
1.7691 -0.97319
1.8619 1.3814
1.8701 -0.84586
1.9495 -0.69626
2.0019 1.2062
2.0054 -0.54262
2.0382 -0.014789
2.0391 -0.37837
2.0448 0.15357
2.0502 -0.20238
2.1088 1.0309
2.139 0.25966
2.1818 0.85566
2.1998 0.38325
2.2212 0.6804
2.2272 0.52331
