-1.8333 -0.059267
-1.8333 -0.3635
-1.8333 -0.21139
-1.8333 0.092852
-1.8333 0.24497
-1.8333 0.39709
-1.8333 0.54921
-1.8333 0.70133
-1.8333 0.85345
-1.8333 1.0032
-1.8333 1.1404
-1.8333 1.2708
-1.8333 1.5119
-1.8333 1.6171
-1.8333 1.3971
-1.8084 -0.51562
-1.7748 -0.66774
-1.7357 -0.81986
-1.6789 -0.97198
-1.5836 -1.0765
-1.5489 1.7136
-1.4705 -1.1916
-1.3945 1.8002
-1.3521 -1.3001
-1.2249 -1.3926
-1.1055 1.8774
-1.0727 -1.4522
-0.92061 -1.4959
-0.7685 -1.5328
-0.61638 -1.5805
-0.46426 -1.5805
-0.38726 1.9632
-0.31214 -1.5805
-0.16002 -1.5805
-0.0079023 -1.5805
0.072792 2.0318
0.14422 -1.5805
0.29634 -1.5805
0.30044 2.0647
0.44845 -1.5805
0.51764 2.0747
0.60057 -1.5738
0.74326 2.0638
0.74688 -1.558
0.88307 -1.5362
0.90886 2.0306
1.009 -1.5107
1.0681 1.9655
1.1165 -1.4743
1.2107 -1.4277
1.217 1.8974
1.2986 -1.3732
1.3553 1.8129
1.3795 -1.3092
1.452 -1.2373
1.485 1.7143
1.5315 -1.1582
1.5956 1.614
1.6023 -1.0715
1.6665 -0.97552
1.6819 1.4619
1.725 -0.87056
1.7441 1.3098
1.7695 -0.75687
1.7851 1.1577
1.7971 -0.63455
1.8092 1.0056
1.8112 -0.05889
1.8165 -0.50362
1.8175 0.24497
1.8175 0.092852
1.8175 0.39709
1.8175 0.54921
1.8175 0.70133
1.8195 0.85345
1.8237 -0.21583
1.8255 -0.36406
