-1.5265 1.5815
-1.5264 1.4956
-1.5259 0.23235
-1.525 0.32264
-1.5242 1.407
-1.5232 0.41293
-1.5229 0.5935
-1.5229 0.86437
-1.5229 0.95466
-1.5229 1.1352
-1.5229 1.3158
-1.5229 0.68379
-1.5229 0.50322
-1.5229 0.77408
-1.5229 1.0449
-1.5229 1.2255
-1.5229 1.6641
-1.5224 0.14206
-1.5152 0.051774
-1.5136 1.7461
-1.5045 -0.038515
-1.4974 1.8237
-1.4894 -0.1288
-1.471 1.8995
-1.4697 -0.21909
-1.4472 -0.30938
-1.4346 1.9713
-1.4238 -0.39967
-1.4013 -0.48996
-1.3891 2.0379
-1.3812 -0.58025
-1.3639 -0.67053
-1.3533 -0.76082
-1.3483 -0.85111
-1.3398 -0.9414
-1.3342 2.0982
-1.3335 -1.0317
-1.329 -1.122
-1.3164 -1.2123
-1.2978 -1.3026
-1.2745 -1.3928
-1.2741 2.1527
-1.2451 -1.4831
-1.2129 2.2018
-1.209 -1.5734
-1.1658 -1.6637
-1.1526 2.2456
-1.1135 -1.754
-1.0889 2.2835
-1.048 -1.8423
-1.0217 2.3162
-0.97546 -1.8809
-0.95104 2.3438
-0.89274 -1.9263
-0.87966 2.3664
-0.80453 -1.983
-0.7895 2.3849
-0.71227 -2.0353
-0.68068 2.3998
-0.61975 -2.0734
-0.5626 2.4074
-0.52762 -2.0805
-0.43649 -2.0875
-0.42465 2.4077
-0.35101 -2.086
-0.27128 -2.0843
-0.24649 2.4025
-0.19787 -2.0852
-0.1287 -2.0924
-0.057756 -2.1022
0.021396 -2.1096
0.025312 2.3927
0.10224 -2.115
0.18311 -2.1172
0.26254 -2.1161
0.31677 2.3764
0.33369 -2.1133
0.40286 -2.1082
0.47884 -2.1006
0.52388 2.3549
0.55848 -2.0903
0.64539 -2.0776
0.67658 2.3267
0.73432 -2.0625
0.80036 2.294
0.8239 -2.045
0.90805 -2.0249
0.91254 2.2502
0.98489 -2.003
1.0073 2.2009
1.056 -1.9808
1.0816 2.1367
1.1205 -1.9549
1.1416 2.0725
1.1782 -1.9235
1.192 2.0043
1.2306 1.9283
1.2322 -1.8889
1.2571 1.8463
1.2721 1.7636
1.2746 1.501
1.2778 1.5867
1.2788 1.4174
1.2794 1.6736
1.2834 -1.8467
1.2914 1.3364
1.31 1.2611
1.3317 -1.7982
1.3321 1.1931
1.3508 1.1188
1.3604 1.0374
1.3651 0.68388
1.3655 0.77421
1.3687 0.95261
1.3709 0.86504
1.3723 0.59358
1.3748 -1.7442
1.3821 0.50328
1.3943 0.41298
1.4076 -1.6846
1.4092 0.32267
1.4268 0.23236
1.4341 -1.6144
1.4474 0.14205
1.4497 -1.539
1.4566 -0.9414
1.4566 -0.30938
1.4566 -0.038515
1.4566 -0.85111
1.4566 -0.76082
1.4566 -0.58025
1.4566 -0.1288
1.4566 -0.48996
1.4566 -1.0317
1.4566 -1.122
1.4566 -0.67053
1.4566 -0.39967
1.4566 -0.21909
1.4567 -1.2118
1.4579 -1.4628
1.4587 -1.2979
1.4604 -1.3813
1.4708 0.051739
