-1.7266 1.1655
-1.7266 1.2076
-1.7261 1.1229
-1.7259 1.249
-1.7253 1.0797
-1.7246 -0.79337
-1.7245 -0.75085
-1.7244 1.2896
-1.7244 1.0363
-1.7239 -0.70833
-1.7238 -0.83589
-1.7237 0.99308
-1.7234 -0.66582
-1.7232 0.95011
-1.7231 -0.6233
-1.723 0.90739
-1.723 -0.58078
-1.723 -0.53826
-1.723 -0.49574
-1.723 0.14203
-1.723 -0.36819
-1.723 -0.070562
-1.723 -0.1556
-1.723 0.82232
-1.723 -0.19812
-1.723 0.39714
-1.723 0.43966
-1.723 0.69476
-1.723 -0.41071
-1.723 -0.32567
-1.723 0.014474
-1.723 0.48217
-1.723 -0.28315
-1.723 -0.24063
-1.723 0.86484
-1.723 -0.11308
-1.723 0.056992
-1.723 0.35462
-1.723 0.52469
-1.723 0.60973
-1.723 0.65225
-1.723 0.099511
-1.723 0.18455
-1.723 0.22706
-1.723 0.26958
-1.723 -0.45323
-1.723 0.3121
-1.723 0.56721
-1.723 0.7798
-1.723 -0.028044
-1.723 0.73728
-1.7224 -0.87841
-1.7221 1.3294
-1.7206 -0.92092
-1.7188 1.3683
-1.7184 -0.96344
-1.7158 -1.006
-1.7144 1.4062
-1.7132 -1.0485
-1.7103 -1.091
-1.7086 1.4427
-1.707 -1.1335
-1.7027 -1.1761
-1.7012 1.4775
-1.6965 -1.2185
-1.6916 1.5102
-1.6884 -1.2593
-1.6797 1.5408
-1.679 -1.2978
-1.6685 -1.3349
-1.6652 1.5689
-1.6568 -1.3716
-1.648 1.5942
-1.6439 -1.4078
-1.6297 -1.4435
-1.628 1.6164
-1.614 -1.4787
-1.6051 1.6354
-1.5965 -1.5133
-1.5795 1.6521
-1.5768 -1.5474
-1.5541 -1.5808
-1.5513 1.6671
-1.5281 -1.6135
-1.5207 1.6807
-1.4993 -1.645
-1.4877 1.6928
-1.4688 -1.6747
-1.4526 1.7031
-1.4377 -1.7019
-1.4158 1.712
-1.4066 -1.7264
-1.3776 1.7197
-1.3754 -1.7483
-1.3441 -1.7667
-1.3384 1.7264
-1.3122 -1.7849
-1.2984 1.7319
-1.2797 -1.8006
-1.2576 1.736
-1.2465 -1.8156
-1.216 1.7391
-1.2124 -1.829
-1.1774 -1.8407
-1.1734 1.742
-1.141 -1.8509
-1.1304 1.7448
-1.1028 -1.86
-1.0873 1.7483
-1.0635 -1.8683
-1.044 1.7522
-1.0237 -1.8758
-1.0008 1.7565
-0.98348 -1.8821
-0.95786 1.7609
-0.94393 -1.8864
-0.91511 1.7652
-0.9042 -1.8895
-0.87245 1.7695
-0.86432 -1.892
-0.82963 1.7733
-0.82429 -1.8943
-0.78658 1.7767
-0.78409 -1.8963
-0.74351 -1.8983
-0.74345 1.78
-0.70192 -1.8999
-0.70058 1.7838
-0.66033 -1.9011
-0.65838 1.7881
-0.61881 -1.9019
-0.61664 1.7929
-0.57767 -1.9021
-0.57528 1.7979
-0.53723 -1.9014
-0.53431 1.8028
-0.49757 -1.8999
-0.49375 1.8076
-0.45859 -1.8993
-0.45389 1.8122
-0.42009 -1.899
-0.41427 1.8165
-0.38189 -1.899
-0.37522 1.8206
-0.34376 -1.8993
-0.33682 1.8244
-0.30549 -1.8998
-0.29924 1.8284
-0.2669 -1.9004
-0.26268 1.8326
-0.22785 -1.901
-0.22714 1.8372
-0.19241 1.8419
-0.18826 -1.9012
-0.15827 1.8467
-0.14808 -1.9008
-0.12455 1.8514
-0.10733 -1.9
-0.09115 1.8561
-0.065986 -1.8988
-0.058028 1.8604
-0.025198 1.8645
-0.024051 -1.8972
0.0073701 1.8681
0.018449 -1.8953
0.039843 1.8712
0.061374 -1.893
0.072508 1.8734
0.10446 -1.8901
0.10562 1.8753
0.13926 1.8772
0.14746 -1.887
0.17337 1.8795
0.19027 -1.8837
0.20787 1.8822
0.23306 -1.8805
0.24274 1.8851
0.27601 -1.8767
0.27801 1.8881
0.3138 1.891
0.31915 -1.8734
0.35027 1.8937
0.36225 -1.8692
0.38745 1.8975
0.40509 -1.866
0.42529 1.9011
0.4476 -1.8629
0.46368 1.9044
0.48974 -1.8598
0.50257 1.9075
0.53135 -1.8567
0.5419 1.9105
0.57227 -1.8536
0.5814 1.9133
0.61248 -1.8505
0.62149 1.9165
0.65195 -1.8475
0.66186 1.9208
0.69058 -1.8444
0.70248 1.9262
0.72825 -1.8404
0.74327 1.9298
0.76493 -1.8351
0.78463 1.9302
0.80075 -1.8287
0.827 1.9283
0.83576 -1.8215
0.8689 1.9247
0.87002 -1.8137
0.9037 -1.8054
0.91263 1.9201
0.93702 -1.7968
0.95659 1.9159
0.97018 -1.7884
0.99992 1.9095
1.0033 -1.7795
1.0366 -1.7705
1.0419 1.9005
1.07 -1.7616
1.0825 1.8919
1.1038 -1.753
1.1216 1.882
1.1377 -1.7445
1.1596 1.87
1.1719 -1.7359
1.1965 1.8552
1.2059 -1.7269
1.2326 1.8375
1.2399 -1.7173
1.2678 1.8175
1.2736 -1.7072
1.3018 1.7958
1.3071 -1.6964
1.3341 1.7723
1.3404 -1.685
1.3642 1.747
1.373 -1.6729
1.3918 1.7202
1.4047 -1.6596
1.4165 1.6921
1.4356 -1.645
1.4384 1.6631
1.4584 1.6336
1.4655 -1.6292
1.4769 1.6034
1.4941 1.5727
1.4943 -1.6122
1.5102 1.541
1.5218 -1.594
1.525 1.5079
1.5387 1.4732
1.548 -1.5744
1.5511 1.4373
1.5621 1.4014
1.5721 1.3658
1.5729 -1.5535
1.5819 1.3301
1.592 1.2937
1.5966 -1.5313
1.6021 1.257
1.6118 1.2199
1.619 -1.508
1.6207 1.1826
1.6293 1.145
1.6376 1.1068
1.6399 -1.4836
1.6455 1.0681
1.6527 1.0288
1.6591 0.98897
1.6592 -1.4579
1.6647 0.94846
1.6694 0.90739
1.6733 0.86588
1.6764 0.824
1.677 -1.431
1.6784 0.78173
1.6791 0.65296
1.6793 0.73905
1.6794 0.6956
1.6801 0.61036
1.6818 0.56781
1.6838 0.52526
1.686 0.4827
1.6884 0.44014
1.6909 0.39757
1.6931 -1.4028
1.6936 0.35499
1.6965 0.31241
1.6996 0.26981
1.703 0.22721
1.7066 0.1846
1.7075 -1.3732
1.7105 0.14198
1.7146 0.099359
1.7152 -0.027951
1.7165 -0.070495
1.7179 -0.11304
1.7191 0.056732
1.7196 -0.15558
1.7201 -1.3424
1.7214 -0.19812
1.7235 -0.24066
1.7238 0.014102
1.7257 -0.2832
1.728 -0.32574
1.7305 -0.36828
1.7309 -1.3101
1.7331 -0.41081
1.7358 -0.45335
1.7385 -0.49588
1.7399 -1.2763
1.7414 -0.53841
1.7445 -0.58094
1.7474 -1.2412
1.7479 -0.62348
1.7516 -0.66602
1.7536 -1.2047
1.7556 -0.70858
1.7586 -1.1671
1.759 -0.75156
1.762 -0.79468
1.7625 -1.1283
1.7647 -0.8378
1.7654 -1.0887
1.7667 -0.88074
1.7674 -1.0482
1.7681 -0.92329
1.7685 -1.0071
1.7687 -0.96543
