-1.8119 1.1032
-1.8118 1.1438
-1.8113 1.0626
-1.8109 1.1841
-1.8102 1.0219
-1.8091 0.37567
-1.809 0.41709
-1.8089 1.2237
-1.8089 0.9808
-1.8086 0.45799
-1.8086 0.33377
-1.808 0.49833
-1.8079 0.94012
-1.8075 0.53823
-1.8075 0.29147
-1.8073 0.89963
-1.8072 0.57797
-1.8071 0.85929
-1.8071 0.61783
-1.8071 0.6579
-1.8071 0.73839
-1.8071 0.69811
-1.8071 0.81899
-1.8071 0.77869
-1.8059 1.2625
-1.8058 0.24881
-1.8036 0.20577
-1.8015 1.3003
-1.8009 0.16233
-1.7977 0.11842
-1.7955 1.3371
-1.7943 0.073988
-1.7907 0.029079
-1.7875 1.3729
-1.7872 -0.01622
-1.7837 -0.061781
-1.7802 -0.10744
-1.7771 1.4074
-1.7766 -0.15299
-1.7728 -0.19821
-1.7689 -0.24295
-1.7649 -0.28721
-1.7641 1.4405
-1.761 -0.33113
-1.7573 -0.375
-1.7537 -0.41911
-1.7503 -0.46363
-1.7485 1.4718
-1.7471 -0.50849
-1.744 -0.5535
-1.741 -0.59839
-1.7381 -0.64295
-1.7353 -0.68705
-1.7325 -0.73073
-1.7302 1.501
-1.7296 -0.77429
-1.7266 -0.81809
-1.7237 -0.8624
-1.7203 -0.90721
-1.7174 -0.95249
-1.7148 -0.99759
-1.7123 -1.0424
-1.7099 -1.0869
-1.7095 1.5277
-1.7076 -1.1313
-1.7057 -1.1754
-1.7037 -1.2196
-1.7011 -1.2639
-1.6972 -1.3083
-1.692 -1.3523
-1.6863 1.5516
-1.6857 -1.3942
-1.6784 -1.4335
-1.6702 -1.4711
-1.6611 1.5727
-1.6609 -1.5075
-1.6499 -1.5425
-1.6364 -1.5765
-1.6337 1.591
-1.6192 -1.6095
-1.6045 1.6067
-1.5977 -1.6416
-1.5734 1.6201
-1.572 -1.6731
-1.543 -1.7038
-1.5406 1.6312
-1.5116 -1.733
-1.5064 1.6405
-1.4784 -1.7593
-1.4709 1.648
-1.4437 -1.7815
-1.4347 1.654
-1.4075 -1.7997
-1.3978 1.6585
-1.3698 -1.8149
-1.3605 1.6619
-1.3307 -1.8278
-1.3225 1.6642
-1.2901 -1.8385
-1.2836 1.6655
-1.2489 -1.8471
-1.2443 1.6659
-1.2076 -1.8539
-1.204 1.6656
-1.1664 -1.859
-1.1631 1.6656
-1.1247 -1.8629
-1.1221 1.6654
-1.0825 -1.8659
-1.0812 1.6655
-1.0408 1.6659
-1.0397 -1.8679
-1.0011 1.6657
-0.99601 -1.868
-0.96224 1.6671
-0.95223 -1.865
-0.92417 1.6693
-0.90703 -1.86
-0.88672 1.6721
-0.86087 -1.855
-0.84974 1.6755
-0.81368 -1.8503
-0.81312 1.6793
-0.77673 1.6834
-0.76551 -1.846
-0.74015 1.6876
-0.7165 -1.8417
-0.70309 1.6916
-0.6668 -1.8375
-0.66568 1.6954
-0.62803 1.6988
-0.61655 -1.8332
-0.59089 1.7017
-0.56589 -1.8291
-0.55356 1.704
-0.51605 1.7055
-0.515 -1.8251
-0.47832 1.7061
-0.46405 -1.8212
-0.43941 1.7061
-0.41314 -1.8175
-0.39813 1.7056
-0.36238 -1.8143
-0.35484 1.7052
-0.31184 -1.8114
-0.31032 1.7051
-0.26473 1.7058
-0.2614 -1.809
-0.21782 1.7073
-0.21093 -1.8069
-0.16909 1.7095
-0.16034 -1.805
-0.1179 1.7124
-0.10964 -1.8029
-0.063567 1.7158
-0.058802 -1.8007
-0.00785 -1.7985
-0.0055491 1.7196
0.043209 -1.7964
0.056178 1.7237
0.09438 -1.7945
0.1207 1.7278
0.14565 -1.7924
0.18591 1.7319
0.19696 -1.7899
0.24829 -1.787
0.24912 1.7357
0.29961 -1.7837
0.30846 1.7391
0.35093 -1.7801
0.36356 1.7419
0.40219 -1.7762
0.41509 1.7442
0.45335 -1.772
0.46406 1.7455
0.5044 -1.7676
0.51135 1.7467
0.55535 -1.763
0.55757 1.7476
0.60306 1.7484
0.60617 -1.7584
0.64783 1.749
0.65686 -1.7538
0.69131 1.7493
0.70739 -1.7494
0.73268 1.7493
0.75793 -1.7453
0.7726 1.7491
0.80852 -1.7414
0.81291 1.7487
0.85287 1.748
0.85924 -1.738
0.8932 1.7468
0.91017 -1.735
0.93389 1.7438
0.96126 -1.7331
0.97424 1.7374
1.0123 -1.7309
1.0146 1.7292
1.055 1.7208
1.0633 -1.7286
1.0953 1.7121
1.1142 -1.7266
1.1368 1.703
1.1648 -1.7247
1.1785 1.6935
1.2151 -1.7228
1.2198 1.6835
1.2604 1.673
1.2648 -1.7208
1.3002 1.6619
1.3136 -1.7185
1.3389 1.6499
1.3614 -1.716
1.3766 1.6365
1.4081 -1.713
1.413 1.6209
1.4481 1.6024
1.4537 -1.7093
1.4815 1.5805
1.4978 -1.7039
1.5128 1.5557
1.5402 -1.6965
1.5416 1.5286
1.5672 1.5002
1.5805 -1.6868
1.5893 1.4707
1.6073 1.4406
1.6184 -1.675
1.6215 1.4099
1.6325 1.3786
1.6412 1.3469
1.6485 1.315
1.6539 -1.6611
1.6548 1.2831
1.6599 1.2515
1.6638 1.2184
1.6665 1.1812
1.6684 1.1414
1.6704 1.1011
1.6731 1.0608
1.6761 1.0205
1.679 0.98019
1.6817 0.93989
1.6846 0.89959
1.6868 -1.6447
1.6874 0.85929
1.6903 0.81899
1.6933 0.77869
1.6964 0.73838
1.6996 0.69808
1.7028 0.65778
1.7064 0.61748
1.71 0.57718
1.7134 0.53688
1.7165 0.49658
1.7169 -1.6259
1.7195 0.45627
1.7224 0.41597
1.7251 0.37567
1.7278 0.33537
1.7304 0.29507
1.7329 0.25477
1.7353 0.21447
1.7376 0.17416
1.7398 0.13386
1.7419 0.093562
1.7438 0.05326
1.7441 -1.6046
1.7456 0.012959
1.7686 -1.5807
1.7767 -0.067644
1.7768 -0.10795
1.7768 -0.027343
1.7773 -0.14825
1.778 -0.18855
1.779 -0.22885
1.7803 -0.26915
1.7818 -0.30945
1.7836 -0.34975
1.7856 -0.39006
1.7879 -0.43036
1.7902 -1.5544
1.7903 -0.47066
1.793 -0.51096
1.7958 -0.55126
1.799 -0.59156
1.8025 -0.63186
1.8065 -0.67217
1.809 -1.5257
1.8102 -0.71247
1.8141 -0.75277
1.8182 -0.79307
1.8223 -0.83337
1.8247 -1.4949
1.8264 -0.87367
1.8303 -0.91397
1.834 -0.95432
1.8376 -1.4622
1.8378 -0.99485
1.8421 -1.0356
1.8472 -1.0765
1.8475 -1.4278
1.8525 -1.1179
1.8548 -1.392
1.8573 -1.1584
1.8598 -1.355
1.861 -1.1986
1.8628 -1.3169
1.8634 -1.2384
1.8643 -1.2779
