-1.5917 1.2645
-1.5911 1.3399
-1.5901 1.1891
-1.5893 -0.54498
-1.5893 -0.39419
-1.5893 -0.69577
-1.5893 0.96291
-1.5893 -0.77116
-1.5893 -0.62038
-1.5893 0.88751
-1.5893 -0.3188
-1.5893 -0.2434
-1.5893 -0.16801
-1.5893 -0.092614
-1.5893 -0.01722
-1.5893 0.058175
-1.5893 0.13357
-1.5893 0.20896
-1.5893 0.28436
-1.5893 0.35975
-1.5893 0.43515
-1.5893 0.51054
-1.5893 0.58594
-1.5893 0.73672
-1.5893 0.81212
-1.5893 1.1137
-1.5893 -0.84656
-1.5893 -0.46959
-1.5893 1.0383
-1.5893 0.66133
-1.5881 1.4153
-1.5829 1.4907
-1.578 -0.92195
-1.575 1.5661
-1.5636 1.6415
-1.5526 -0.99735
-1.5462 1.7169
-1.534 -1.0727
-1.5254 1.7922
-1.5158 -1.1481
-1.4999 1.8676
-1.4961 -1.2031
-1.4742 -1.249
-1.4713 1.943
-1.449 -1.305
-1.4402 2.0184
-1.4164 -1.3614
-1.4063 2.0938
-1.3736 -1.4161
-1.3703 1.8153
-1.3327 1.8318
-1.3234 -1.4688
-1.2926 1.8652
-1.2699 -1.5183
-1.2496 1.8985
-1.2143 -1.561
-1.2039 1.9344
-1.157 -1.5937
-1.1544 1.9841
-1.1003 -1.6196
-1.0996 2.0656
-1.0502 -1.6423
-1.0414 2.1603
-0.98618 -1.6629
-0.97625 2.212
-0.91078 -1.682
-0.90918 2.2213
-0.83999 2.2127
-0.83539 -1.7014
-0.76824 2.1975
-0.75999 -1.7309
-0.69379 2.1804
-0.6846 -1.7513
-0.61662 2.1882
-0.60921 -1.7513
-0.53681 2.6216
-0.53381 -1.7513
-0.45842 -1.7513
-0.45444 2.5462
-0.38302 -1.7513
-0.36965 2.4708
-0.30763 -1.7513
-0.28252 2.3954
-0.23223 -1.7513
-0.20121 2.32
-0.15684 -1.7513
-0.11515 2.2446
-0.081445 -1.7513
-0.02428 2.1692
-0.0060502 -1.7513
0.068922 2.0938
0.069344 -1.7513
0.14474 -1.7513
0.16432 2.0184
0.22013 -1.7513
0.26191 1.943
0.29553 -1.7513
0.36166 1.8676
0.37092 -1.7513
0.44632 -1.7513
0.46358 1.7922
0.52171 -1.7513
0.56767 1.7169
0.59711 -1.7513
0.6725 -1.7513
0.67393 1.6415
0.74789 -1.7513
0.78235 1.5661
0.82329 -1.7513
0.89295 1.4907
0.89906 -1.7513
0.97592 -1.7309
1.0057 1.4153
1.0515 -1.7014
1.1207 1.3399
1.1238 -1.682
1.1943 -1.6629
1.2378 1.2645
1.2623 -1.6423
1.3281 -1.6196
1.3571 1.1891
1.3907 -1.5937
1.4471 -1.561
1.4785 1.1137
1.4962 -1.5183
1.5381 -1.4688
1.5728 -1.4161
1.5999 -1.3614
1.6022 1.0383
1.6193 -1.305
1.6324 -1.249
1.6419 -1.2031
1.6487 -1.1481
1.6526 -0.77116
1.6526 -0.39419
1.6526 -0.46959
1.6526 -0.84656
1.6526 -0.54498
1.6526 -0.3188
1.6526 -0.16801
1.6526 -0.01722
1.6526 -0.2434
1.6526 -0.092614
1.6526 -0.69577
1.6526 -0.62038
1.653 -1.0727
1.6545 -0.92195
1.6547 -0.99735
1.728 0.96291
1.856 0.88751
1.9862 0.81212
2.1185 0.73672
2.253 0.66133
2.3897 0.58594
2.5286 0.51054
2.6697 0.43515
2.8129 0.35975
2.9584 0.28436
3.106 0.20896
3.2557 0.13357
3.4077 0.058175
3.5619 -0.01722
