-1.4661 1.9425
-1.4661 -0.59471
-1.4661 2.1663
-1.4661 2.215
-1.4661 -0.96782
-1.4661 1.8678
-1.4661 2.0171
-1.4661 2.0917
-1.4661 2.2564
-1.4661 2.307
-1.4661 -0.74395
-1.4661 -0.52008
-1.4661 -0.66933
-1.4661 -0.81857
-1.4661 -0.44546
-1.4661 -0.37084
-1.4661 -0.29622
-1.4661 -0.22159
-1.4661 -0.14697
-1.4661 -0.072347
-1.4661 0.0022751
-1.4661 0.076898
-1.4661 0.15152
-1.4661 0.22614
-1.4661 0.30077
-1.4661 0.37539
-1.4661 0.45001
-1.4661 0.52463
-1.4661 0.59926
-1.4661 0.67388
-1.4661 0.7485
-1.4661 0.82312
-1.4661 0.89775
-1.4661 0.97237
-1.4661 1.047
-1.4661 1.1216
-1.4661 1.1962
-1.4661 1.2709
-1.4661 1.3455
-1.4661 1.4201
-1.4661 1.4947
-1.4661 1.5693
-1.4661 1.644
-1.4661 1.7186
-1.4661 1.7932
-1.4661 -0.8932
-1.4622 -1.0424
-1.4373 -1.1171
-1.4153 -1.1917
-1.3957 -1.2663
-1.3741 -1.3409
-1.37 2.3576
-1.3492 -1.4156
-1.3172 -1.4902
-1.2728 -1.5648
-1.2353 2.4098
-1.2197 -1.6394
-1.1622 -1.714
-1.153 2.4723
-1.1065 -1.7887
-1.0719 2.5538
-1.0501 -1.8633
-0.99158 -1.9379
-0.96905 2.6353
-0.92918 -2.0125
-0.85681 -2.0872
-0.80435 2.6796
-0.78782 -2.1618
-0.72143 -2.2364
-0.65475 -2.311
-0.58673 -2.3856
-0.51703 -2.4603
-0.50597 2.6863
-0.44556 -2.5349
-0.37232 -2.6095
-0.29739 -2.6841
-0.22085 -2.7588
-0.14278 -2.8334
-0.06328 -2.908
-0.048232 2.6733
0.017564 -2.9826
0.099668 -3.0572
0.18059 -3.1319
0.2552 -3.2065
0.31563 -3.2811
0.35618 -3.3557
0.40509 -3.4304
0.4095 2.6512
0.45986 -3.505
0.51854 -3.5796
0.57688 -3.6542
0.63523 -3.7289
0.69383 -3.8035
0.70789 2.6275
0.75181 -3.8781
0.80299 -3.9527
0.84864 -4.0273
0.87259 2.6281
0.8927 -4.102
0.935 -4.1766
0.97546 -4.2512
0.97546 2.6141
1.014 -4.3258
1.0506 -4.4005
1.0565 2.5394
1.0853 -4.4751
1.118 -4.5497
1.1388 2.4648
1.1487 -4.6243
1.1774 -4.6989
1.2042 -4.7736
1.229 -4.8482
1.2518 -4.9228
1.2727 -4.9974
1.2735 2.3902
1.2916 -5.0721
1.3085 -5.1467
1.3235 -6.266
1.3235 -5.2213
1.3365 -5.2959
1.3366 -6.1914
1.3475 -5.3705
1.3476 -6.1168
1.3565 -5.4452
1.3567 -6.0422
1.3635 -5.5198
1.3637 -5.9675
1.3685 -5.5944
1.3687 -5.8929
1.3696 2.0917
1.3696 2.1663
1.3696 0.59926
1.3696 0.67388
1.3696 0.7485
1.3696 0.82312
1.3696 0.89775
1.3696 0.97237
1.3696 1.047
1.3696 1.1216
1.3696 1.1962
1.3696 1.2709
1.3696 1.3455
1.3696 1.4201
1.3696 1.4947
1.3696 1.5693
1.3696 1.644
1.3696 1.7186
1.3696 2.0171
1.3696 0.076898
1.3696 0.52463
1.3696 1.7932
1.3696 1.8678
1.3696 2.3156
1.3696 0.15152
1.3696 0.22614
1.3696 0.30077
1.3696 0.37539
1.3696 1.9425
1.3696 2.241
1.3696 0.0022751
1.3696 0.45001
1.3716 -5.669
1.3717 -5.8183
1.3726 -5.7437
