-2.3659 0.24907
-2.3658 0.20559
-2.3649 0.29315
-2.3641 0.16294
-2.3637 0.33728
-2.3629 0.38093
-2.3622 0.42376
-2.3608 0.4657
-2.3605 0.12099
-2.3585 0.50676
-2.3554 0.547
-2.3544 0.079694
-2.3514 0.58643
-2.3469 0.62513
-2.345 0.039194
-2.3421 0.66334
-2.3375 0.70134
-2.3331 0.73946
-2.3316 -0.00025637
-2.3288 0.77791
-2.3244 0.81647
-2.3198 0.85488
-2.3153 0.89321
-2.3136 -0.038533
-2.3111 0.93182
-2.3074 0.97095
-2.3041 1.0105
-2.3007 1.0502
-2.2967 1.0891
-2.2915 1.1266
-2.2906 -0.0757
-2.2852 1.1628
-2.278 1.1981
-2.2702 1.2327
-2.2625 -0.11189
-2.2618 1.2666
-2.2528 1.2998
-2.2425 1.3322
-2.2309 1.3639
-2.2296 -0.14721
-2.218 1.3944
-2.2039 1.4235
-2.1925 -0.18184
-2.1885 1.4509
-2.172 1.4769
-2.1543 1.5019
-2.1519 -0.21604
-2.1354 1.5262
-2.1153 1.5498
-2.1083 -0.25007
-2.0939 1.5727
-2.0712 1.5939
-2.0619 -0.28419
-2.0468 1.6137
-2.0132 -0.31862
-2.0091 1.6317
-1.9632 -0.35342
-1.9367 1.6484
-1.914 -0.38843
-1.8711 1.6635
-1.8662 -0.42341
-1.8191 -0.45824
-1.8146 1.6774
-1.772 -0.49301
-1.7594 1.6901
-1.7247 -0.52793
-1.7017 1.7015
-1.6771 -0.56304
-1.6382 1.7116
-1.6295 -0.59819
-1.5819 -0.63318
-1.5636 1.7203
-1.5346 -0.66805
-1.4876 -0.703
-1.4686 1.7277
-1.4409 -0.73818
-1.3942 -0.77348
-1.3475 -0.80865
-1.3388 1.734
-1.3005 -0.84358
-1.2532 -0.87842
-1.2058 -0.91339
-1.1618 1.7392
-1.1583 -0.94856
-1.1108 -0.98371
-1.0636 -1.0186
-1.0166 -1.0534
-0.96983 -1.0883
-0.94814 1.7434
-0.92316 -1.1234
-0.87639 -1.1588
-0.82939 -1.194
-0.78216 -1.2289
-0.73771 1.7465
-0.73473 -1.2637
-0.6872 -1.2986
-0.63977 -1.334
-0.59255 -1.3696
-0.56578 1.7486
-0.54558 -1.4052
-0.49885 -1.441
-0.45223 -1.4767
-0.438 1.7497
-0.40546 -1.5126
-0.35838 -1.5493
-0.3418 1.7498
-0.311 -1.5868
-0.26344 1.7487
-0.26339 -1.624
-0.21568 -1.66
-0.19431 1.7467
-0.16807 -1.6944
-0.12963 1.7437
-0.12061 -1.7273
-0.073023 -1.7591
-0.066232 1.7398
-0.024965 -1.7893
0.00012622 1.7346
0.023487 -1.8163
0.071679 -1.8386
0.078265 1.7278
0.11878 -1.8562
0.16152 1.7203
0.16423 -1.8696
0.20784 -1.8792
0.2089 1.7128
0.2466 1.7052
0.24959 -1.8852
0.28469 1.6973
0.28947 -1.8875
0.32285 1.6891
0.32763 -1.8868
0.36106 1.6806
0.36458 -1.8836
0.39927 1.6722
0.40114 -1.878
0.43746 1.664
0.43811 -1.8706
0.47558 1.6555
0.4759 -1.8632
0.51364 1.6468
0.51458 -1.8574
0.5517 1.638
0.55413 -1.8532
0.58992 1.6294
0.59464 -1.8501
0.62883 1.6211
0.63616 -1.848
0.66775 1.6131
0.67863 -1.8463
0.70603 1.6053
0.72187 -1.846
0.74326 1.5974
0.76547 -1.8465
0.77945 1.5896
0.80899 -1.8473
0.81497 1.5821
0.85022 1.5753
0.85218 -1.8478
0.88537 1.5684
0.89508 -1.8479
0.92045 1.5617
0.9379 -1.8479
0.95552 1.5551
0.98073 -1.8479
0.99063 1.5486
1.0236 -1.848
1.0258 1.5425
1.0613 1.5364
1.0665 -1.8484
1.0972 1.5295
1.1096 -1.8494
1.1339 1.5212
1.1531 -1.8507
1.1716 1.5116
1.1968 -1.8515
1.2103 1.5006
1.2405 -1.8512
1.2497 1.4883
1.2837 -1.8498
1.2892 1.4744
1.3261 -1.8473
1.3279 1.458
1.3654 1.4385
1.3677 -1.8435
1.4017 1.4158
1.4083 -1.8383
1.4366 1.3902
1.4478 -1.8311
1.4697 1.362
1.486 -1.8214
1.5002 1.3312
1.5222 -1.8087
1.5271 1.298
1.5501 1.2626
1.5561 -1.7926
1.5692 1.2254
1.5848 1.1865
1.5871 -1.7727
1.5972 1.1465
1.6068 1.1058
1.614 1.0646
1.6149 -1.749
1.6192 1.0229
1.621 0.63604
1.6211 0.59322
1.6219 0.67887
1.6228 0.55039
1.6229 0.98067
1.6234 0.7217
1.6249 0.76453
1.6252 0.93785
1.6255 0.50756
1.626 0.80742
1.6264 0.89397
1.6265 0.85051
1.6284 0.46473
1.6316 0.42191
1.6352 0.37908
1.639 0.33625
1.6391 -1.722
1.6433 0.29342
1.648 0.2506
1.6531 0.20777
1.6586 0.16494
1.6595 -1.6918
1.6641 -0.092023
1.6642 -0.13485
1.6644 -0.049196
1.6646 0.12211
1.6649 -0.17768
1.6652 -0.0063684
1.666 -0.22051
1.6675 -0.26333
1.6694 -0.30616
1.6709 0.079286
1.6717 -0.34899
1.6744 -0.39182
1.676 -1.6589
1.6775 -0.43464
1.6776 0.036459
1.681 -0.47747
1.6852 -0.5203
1.6891 -1.6234
1.6903 -0.56312
1.6954 -0.60595
1.6989 -1.5856
1.7001 -0.64878
1.7042 -0.69161
1.7059 -1.5461
1.7073 -0.73443
1.7088 -1.1627
1.7088 -1.0771
1.7088 -1.1199
1.7089 -1.0342
1.7089 -1.2056
1.7092 -0.9914
1.7094 -1.2487
1.7096 -0.77726
1.7098 -0.94857
1.7104 -1.5055
1.7105 -1.2922
1.7106 -0.90574
1.7108 -0.82009
1.711 -0.86292
1.712 -1.3359
1.713 -1.4642
1.7133 -1.3798
1.7138 -1.4224
