-1.9348 -0.64004
-1.93 0.57832
-1.9234 -0.43549
-1.9234 -0.026393
-1.9234 0.3827
-1.9234 -0.23094
-1.9234 0.17815
-1.9015 0.7429
-1.8862 -0.84458
-1.8412 0.87236
-1.761 1.0101
-1.7302 -1.0491
-1.6903 1.1356
-1.6489 1.2713
-1.5143 -1.2537
-1.4811 1.4051
-1.3424 1.5492
-1.3098 -1.4366
-1.2064 1.683
-1.1052 -1.5979
-1.0913 1.8148
-0.90067 -1.7308
-0.8953 1.9471
-0.76382 2.0638
-0.69612 -1.8024
-0.66339 2.1746
-0.49663 2.2297
-0.49157 -1.8456
-0.29825 2.2411
-0.28703 -1.8673
-0.082479 -1.8673
-0.055416 2.216
0.12207 -1.8673
0.24376 2.1416
0.32662 -1.8673
0.53252 -1.8655
0.72152 2.0012
0.72345 -1.8372
0.84786 -1.7626
0.97514 -1.6667
1.0728 1.8199
1.1061 -1.5655
1.2513 -1.4626
1.3515 1.61
1.3632 -1.356
1.4558 -1.2581
1.5152 -1.1521
1.5703 1.4054
1.5888 -1.0387
1.666 -0.91328
1.7462 -0.77724
1.7475 1.2009
1.7585 -0.49303
1.7598 -0.63818
1.776 -0.34172
1.8457 -0.18463
1.8815 0.99635
1.9471 0.7918
1.9512 0.17815
1.9597 -0.022126
1.9792 0.58725
1.9812 0.3827
