-1.7492 -0.60029
-1.742 -0.37665
-1.742 0.74153
-1.742 1.1888
-1.742 1.3549
-1.742 0.96517
-1.742 -0.15301
-1.742 0.070622
-1.742 0.29426
-1.742 0.51789
-1.724 -0.82392
-1.6772 1.5234
-1.6524 -1.0476
-1.6196 1.6527
-1.5274 1.7536
-1.5003 -1.2712
-1.417 1.8634
-1.302 -1.4732
-1.279 1.9702
-1.0746 2.0929
-1.0711 -1.6494
-0.84746 -1.7939
-0.80066 2.2676
-0.62383 -1.873
-0.45061 2.318
-0.40019 -1.9249
-0.17655 -1.9541
-0.12466 2.3247
0.047081 -1.9561
0.1972 2.2842
0.27072 -1.934
0.47355 2.1853
0.49951 -1.9054
0.69453 -1.8638
0.71799 2.0275
0.8393 -1.7957
0.94162 1.8496
0.95797 -1.7095
1.0621 -1.6095
1.1653 1.6361
1.1726 -1.5047
1.2771 -1.3867
1.3847 1.4124
1.397 -1.2807
1.5096 -1.1638
1.5771 1.1888
1.6241 -1.0422
1.7278 -0.90303
1.7347 0.96517
1.7964 -0.74494
1.805 0.74153
1.8268 0.070622
1.8306 -0.16
1.8372 -0.5687
1.8446 0.51789
1.8489 -0.37401
1.853 0.29426
