-1.4612 1.1756
-1.4596 -0.7349
-1.4596 0.79349
-1.4596 1.0482
-1.4596 -0.60754
-1.4596 -0.22544
-1.4596 -0.098072
-1.4596 0.029294
-1.4596 0.15666
-1.4596 0.28403
-1.4596 0.41139
-1.4596 0.53876
-1.4596 0.66613
-1.4596 0.92086
-1.4596 -0.48017
-1.4596 -0.3528
-1.4563 1.303
-1.456 -0.86227
-1.446 -0.98964
-1.4439 1.4303
-1.4311 -1.117
-1.4287 1.5577
-1.415 -1.2444
-1.4072 1.6851
-1.3841 -1.3717
-1.3764 1.8124
-1.3318 1.9398
-1.3302 -1.4991
-1.2751 2.0672
-1.2567 -1.6265
-1.2066 2.1945
-1.1602 -1.7538
-1.1268 2.3219
-1.049 -1.8812
-1.0366 2.2543
-0.93653 -2.0086
-0.93602 2.3176
-0.8263 2.3824
-0.8192 -2.1359
-0.70271 2.4569
-0.69542 -2.2633
-0.56805 -2.3907
-0.56799 2.5622
-0.44069 -2.518
-0.42068 2.6253
-0.31332 -2.6454
-0.2558 2.6168
-0.18595 -2.7728
-0.062609 2.5824
-0.058555 -2.9001
0.062985 -3.0275
0.17942 2.5464
0.18094 -3.1549
0.29249 -3.2822
0.37924 2.704
0.40108 -3.4096
0.49594 -3.537
0.5575 2.5766
0.59897 -3.6643
0.7031 2.4493
0.70592 -3.7917
0.80743 -3.9191
0.83538 2.3219
0.91181 -4.0464
0.95395 2.1945
1.0303 -4.1738
1.0524 2.0672
1.1335 -4.3012
1.1395 1.9398
1.2146 -4.4285
1.2182 1.8124
1.2829 -4.5559
1.286 1.6851
1.3412 -4.6833
1.342 1.5577
1.3838 -4.8106
1.3864 1.4303
1.4123 -4.938
1.4174 1.303
1.4347 -5.0654
1.4376 1.1756
1.4524 1.0482
1.4541 -5.1927
1.4641 0.029294
1.4649 0.92086
1.4665 -5.3201
1.4696 0.15666
1.4698 -6.0843
1.4698 -5.9569
1.4698 -5.8296
1.4698 -5.7022
1.4698 -6.2117
1.4698 -6.339
1.4698 -5.5748
1.4702 0.79349
1.4714 -5.4475
1.4737 0.28403
1.4745 0.66613
1.4762 0.41139
1.4765 0.53876
