-2.2115 0.14215
-2.2067 0.22129
-2.1986 0.062248
-2.1848 0.29534
-2.1686 -0.014463
-2.149 0.35923
-2.1235 -0.087196
-2.1063 0.416
-2.0704 -0.15196
-2.0625 0.46808
-2.0198 0.51688
-2.0182 -0.20562
-1.976 0.56483
-1.9684 -0.25235
-1.9263 0.61566
-1.9203 -0.29751
-1.8719 -0.34372
-1.8693 0.67721
-1.8241 -0.3916
-1.8066 0.75311
-1.7759 -0.43919
-1.7386 0.83714
-1.7282 -0.48733
-1.68 -0.53515
-1.6695 0.92426
-1.6322 -0.58331
-1.6017 1.0081
-1.584 -0.63099
-1.5392 1.084
-1.5363 -0.67903
-1.4882 -0.72554
-1.4838 1.145
-1.4418 -0.77212
-1.437 1.1943
-1.3953 -0.8215
-1.3933 1.2402
-1.3459 -0.87347
-1.3452 1.2907
-1.2938 -0.927
-1.2917 1.3537
-1.2402 -0.98375
-1.2348 1.427
-1.1834 -1.0461
-1.1762 1.5046
-1.121 -1.1165
-1.1175 1.5825
-1.0606 1.6561
-1.0505 -1.1943
-1.008 1.7209
-0.97262 -1.2809
-0.95698 1.7748
-0.90712 1.8217
-0.88782 -1.3768
-0.85872 1.867
-0.80911 1.9133
-0.79711 -1.4774
-0.71347 1.9625
-0.70061 -1.5732
-0.60138 -1.6526
-0.59591 2.0119
-0.50415 -1.7115
-0.47224 2.0587
-0.40815 -1.7477
-0.31216 -1.7617
-0.30869 2.1043
-0.21617 -1.7651
-0.12017 -1.7684
-0.044235 2.1497
-0.024176 -1.778
0.071818 -1.7965
0.16781 -1.8183
0.26381 -1.8383
0.3276 2.19
0.3598 -1.8528
0.4558 -1.8599
0.553 -1.8608
0.65217 -1.8607
0.66032 2.221
0.74867 -1.8602
0.83811 -1.8542
0.88293 2.2369
0.92134 -1.8422
1.0008 -1.8273
1.0475 2.2329
1.0752 -1.8083
1.145 -1.7816
1.1919 2.2048
1.2139 -1.7481
1.2828 -1.7086
1.3246 2.1523
1.3519 -1.6613
1.4211 -1.6056
1.4264 2.0782
1.488 -1.5432
1.5059 1.9894
1.5508 -1.4768
1.5742 1.895
1.6064 -1.4076
1.6293 1.796
1.6532 -1.338
1.6699 1.6935
1.692 -1.2686
1.6922 1.596
1.7102 1.507
1.7234 -1.1979
1.7277 1.4255
1.7445 1.3496
1.746 -1.1247
1.7593 1.2757
1.7646 -1.0503
1.7777 1.1997
1.7876 -0.97875
1.8001 1.1182
1.816 -0.91161
1.8225 1.0292
1.8427 0.93305
1.8431 -0.84306
1.8614 0.83391
1.8647 -0.76872
1.8797 0.73667
1.8812 -0.6892
1.8873 -0.022869
1.8878 0.064707
1.8905 0.64067
1.8916 -0.60338
1.8961 -0.12768
1.8963 0.1607
1.8981 0.54468
1.8991 -0.51475
1.9017 0.2567
1.9019 -0.22944
1.9027 0.44869
1.9035 -0.42306
1.9039 0.35269
1.9044 -0.32796
