-1.4515 -1.1143
-1.4515 -0.82277
-1.4515 0.63507
-1.4515 1.0516
-1.4515 1.0933
-1.4515 -0.69781
-1.4515 -0.65616
-1.4515 0.59342
-1.4515 0.80168
-1.4515 0.92664
-1.4515 1.1766
-1.4515 1.2184
-1.4515 1.4667
-1.4515 0.55177
-1.4515 0.88499
-1.4515 1.303
-1.4515 1.4265
-1.4515 1.5459
-1.4515 -0.86442
-1.4515 -0.73946
-1.4515 0.67672
-1.4515 0.71838
-1.4515 0.96829
-1.4515 1.2604
-1.4515 -1.1976
-1.4515 -1.156
-1.4515 -0.98938
-1.4515 -0.78112
-1.4515 -0.57285
-1.4515 -0.5312
-1.4515 -0.48955
-1.4515 -0.4479
-1.4515 -0.40624
-1.4515 -0.36459
-1.4515 -0.32294
-1.4515 -0.28129
-1.4515 -0.23963
-1.4515 -0.19798
-1.4515 -0.15633
-1.4515 -0.11467
-1.4515 -0.073022
-1.4515 -0.03137
-1.4515 0.010283
-1.4515 0.051936
-1.4515 0.093588
-1.4515 0.13524
-1.4515 0.17689
-1.4515 0.21855
-1.4515 0.2602
-1.4515 0.30185
-1.4515 0.3435
-1.4515 0.38516
-1.4515 0.42681
-1.4515 0.46846
-1.4515 0.51011
-1.4515 1.3859
-1.4515 1.5065
-1.4515 1.585
-1.4515 -1.031
-1.4515 -0.94773
-1.4515 -0.90607
-1.4515 -0.61451
-1.4515 0.84333
-1.4515 1.3448
-1.4515 -1.0727
-1.4515 0.76003
-1.4515 1.0099
-1.4515 1.1349
-1.4511 -1.2393
-1.451 1.6236
-1.4457 -1.2809
-1.4399 1.662
-1.4279 -1.3226
-1.4096 -1.3643
-1.3963 -1.4059
-1.3896 1.6999
-1.3854 -1.4474
-1.375 -1.4863
-1.3645 -1.5172
-1.3535 -1.5445
-1.3421 -1.5742
-1.3348 1.7375
-1.3301 -1.6056
-1.3175 -1.6375
-1.3042 -1.6692
-1.3026 1.7741
-1.2896 -1.7005
-1.2807 1.8084
-1.273 -1.7312
-1.2615 1.8375
-1.2538 -1.7614
-1.2425 1.8643
-1.2314 -1.791
-1.2226 1.8921
-1.2063 -1.8196
-1.2008 1.9206
-1.1792 -1.847
-1.1759 1.9487
-1.1509 -1.8725
-1.1459 1.9759
-1.1218 -1.8952
-1.1076 2.0021
-1.0922 -1.915
-1.0619 -1.9323
-1.0574 2.0271
-1.0312 -1.9475
-1.0001 -1.9611
-0.99312 2.0507
-0.96884 -1.9731
-0.93812 -1.9835
-0.91792 2.0726
-0.90974 -1.9927
-0.88643 -2.0009
-0.86259 -2.009
-0.84061 2.0927
-0.8263 -2.0175
-0.78502 -2.0274
-0.77028 2.1105
-0.74337 -2.0406
-0.71075 2.1258
-0.70172 -2.0573
-0.66072 2.1384
-0.66006 -2.0691
-0.61841 -2.0711
-0.61705 2.1489
-0.57694 2.1571
-0.57676 -2.0707
-0.53851 2.1671
-0.53511 -2.0708
-0.5007 2.1772
-0.49345 -2.0711
-0.46302 2.1874
-0.4518 -2.0718
-0.42367 2.1973
-0.41015 -2.0728
-0.38439 2.2066
-0.3685 -2.074
-0.34525 2.2154
-0.32684 -2.0756
-0.30618 2.2228
-0.28519 -2.0774
-0.26709 2.2299
-0.24354 -2.0795
-0.22792 2.2367
-0.20188 -2.0819
-0.18864 2.2429
-0.16023 -2.0846
-0.14923 2.2485
-0.11858 -2.0878
-0.10967 2.2535
-0.076927 -2.0917
-0.069956 2.2578
-0.035275 -2.0961
-0.030077 2.2614
0.0063781 -2.1003
0.0099685 2.2643
0.048031 -2.1041
0.050181 2.2664
0.089683 -2.1075
0.09044 2.2678
0.1312 2.2682
0.13134 -2.1097
0.17278 2.2677
0.17299 -2.1116
0.21464 -2.1132
0.21591 2.2661
0.25629 -2.1145
0.26126 2.2636
0.29795 -2.1155
0.30766 2.2614
0.3396 -2.1162
0.3532 2.2595
0.38125 -2.1166
0.39528 2.2563
0.4229 -2.1167
0.43678 2.2519
0.46456 -2.1165
0.47768 2.2464
0.50621 -2.1159
0.51796 2.24
0.54786 -2.115
0.55759 2.2328
0.58951 -2.1135
0.59655 2.2248
0.63117 -2.1094
0.63484 2.2162
0.67242 2.2068
0.6728 -2.1013
0.70932 2.1968
0.7143 -2.0928
0.74551 2.1862
0.75557 -2.0848
0.78103 2.175
0.79655 -2.0768
0.8159 2.1634
0.83729 -2.0671
0.85019 2.1514
0.87114 -2.0581
0.87808 -2.0484
0.88402 2.1378
0.8874 -2.0383
0.91059 -2.0279
0.91756 2.1236
0.9386 -2.0172
0.95107 2.1088
0.9677 -2.0061
0.98475 2.0933
0.99675 -1.994
1.0155 2.0771
1.0254 -1.9802
1.0461 2.0601
1.0533 -1.964
1.0763 2.0422
1.0805 -1.9455
1.1059 2.023
1.1066 -1.9249
1.1309 -1.9026
1.1348 2.002
1.1528 -1.8788
1.1626 1.979
1.1712 -1.8537
1.1859 -1.8274
1.1891 1.9538
1.198 -1.8
1.2089 -1.7717
1.2137 1.9268
1.2197 -1.7427
1.2308 -1.7132
1.2355 1.8982
1.242 -1.6841
1.2531 -1.6549
1.2541 1.8686
1.2641 -1.6228
1.2694 1.838
1.2747 -1.587
1.2826 1.8068
1.2852 -1.5497
1.2946 1.775
1.2961 -1.5118
1.3061 1.7427
1.3094 -1.4738
1.3174 1.7131
1.3284 1.6821
1.3319 -1.4354
1.3391 1.6541
1.3437 0.017002
1.3469 1.6272
1.3517 0.052892
1.3548 1.5923
1.3594 0.089147
1.3631 1.5514
1.3665 -1.3967
1.3667 0.12577
1.3715 1.5098
1.3738 0.16276
1.3798 1.4681
1.38 -1.3576
1.3803 -1.3183
1.3805 -1.2786
1.3805 0.2001
1.3806 -1.2386
1.3807 -1.1983
1.3808 -1.1574
1.3808 -1.1157
1.3808 -1.0736
1.3809 -1.0314
1.3809 -0.03137
1.3809 -0.98949
1.3809 -0.073022
1.3809 -0.11467
1.3809 -0.94774
1.3809 -0.15633
1.3809 -0.19798
1.3809 -0.90608
1.3809 -0.23963
1.3809 -0.28129
1.3809 -0.86442
1.3809 -0.32294
1.3809 -0.82277
1.3809 -0.36459
1.3809 -0.40624
1.3809 -0.78112
1.3809 -0.4479
1.3809 -0.73946
1.3809 -0.48955
1.3809 -0.69781
1.3809 -0.5312
1.3809 -0.65616
1.3809 -0.57285
1.3809 -0.61451
1.3869 0.23781
1.3885 1.4265
1.393 0.27586
1.3957 1.3848
1.3988 0.31424
1.402 1.3432
1.4041 0.35294
1.4074 1.3015
1.4092 0.39195
1.4123 1.2599
1.4138 0.43127
1.4167 1.2182
1.418 0.47089
1.4207 1.1766
1.4219 0.51082
1.4243 1.1349
1.4253 0.55113
1.4275 1.0933
1.4283 0.59198
1.4303 1.0516
1.4309 0.63377
1.4325 1.0099
1.433 0.67589
1.4343 0.96829
1.4346 0.718
1.4356 0.92664
1.4358 0.75992
1.4364 0.88499
1.4365 0.80167
1.4367 0.84333
