-2.4226 0.51979
-2.4204 0.68772
-2.4204 0.85566
-2.4204 1.0236
-2.4204 1.1915
-2.4204 1.3595
-2.4031 0.35186
-2.3505 0.18393
-2.2352 0.015994
-2.1667 1.5432
-2.0868 -0.15194
-1.9166 -0.31987
-1.9113 1.738
-1.7486 -0.4878
-1.5807 -0.65574
-1.4128 -0.82367
-1.2448 -0.9916
-1.1749 2.1432
-1.0769 -1.112
-0.90897 -1.2363
-0.74104 -1.3415
-0.5731 -1.4042
-0.40517 -1.4478
-0.39599 2.4635
-0.23724 -1.4954
-0.069305 -1.4954
-0.059898 2.4968
0.098627 -1.4954
0.26656 2.535
0.26656 -1.4954
0.43449 -1.4954
0.43449 2.367
0.60242 -1.4954
0.60242 2.1991
0.77036 -1.4954
0.77036 2.0312
0.92507 -1.4954
0.93829 1.8633
1.065 -1.4954
1.1062 1.6953
1.175 -1.4954
1.2765 1.5274
1.284 -1.4954
1.3977 -1.4954
1.4249 1.3595
1.5049 -1.4954
1.5425 1.1915
1.601 -1.4954
1.6042 1.0236
1.6247 0.85566
1.6571 0.68772
1.6822 -1.4954
1.6904 0.51979
1.7194 0.35186
1.7301 -1.4954
1.7471 0.18393
1.7683 -1.4954
1.7709 -1.4954
1.7751 0.015994
1.7962 -1.4954
1.7982 -1.4954
1.8107 -1.4954
1.8114 -1.4954
