-1.4577 1.5225
-1.4576 1.5483
-1.4575 1.4967
-1.4572 1.574
-1.457 1.4711
-1.4565 -0.39646
-1.4565 1.5994
-1.4565 1.4457
-1.4564 -0.43804
-1.4563 -0.35496
-1.4561 -0.47953
-1.456 -0.31367
-1.4559 1.4206
-1.4557 -0.27256
-1.4556 1.3954
-1.4555 -0.52078
-1.4555 -0.23157
-1.4554 1.37
-1.4553 -0.19066
-1.4553 1.344
-1.4553 -0.14976
-1.4553 0.25863
-1.4553 0.29947
-1.4553 0.34032
-1.4553 0.38117
-1.4553 0.50382
-1.4553 1.2028
-1.4553 0.91539
-1.4553 1.1043
-1.4553 1.1713
-1.4553 1.2622
-1.4553 -0.027163
-1.4553 0.054506
-1.4553 0.42204
-1.4553 0.58571
-1.4553 0.62688
-1.4553 0.66827
-1.4553 0.70985
-1.4553 0.75146
-1.4553 1.3175
-1.4553 0.013675
-1.4553 0.095335
-1.4553 0.54473
-1.4553 0.79295
-1.4553 1.0687
-1.4553 0.13616
-1.4553 0.17699
-1.4553 0.21781
-1.4553 0.46292
-1.4553 0.87504
-1.4553 0.95509
-1.4553 0.99397
-1.4553 1.0319
-1.4553 1.1385
-1.4553 1.2903
-1.4553 0.83419
-1.4553 -0.068016
-1.4553 -0.10888
-1.4553 1.2331
-1.4553 1.6243
-1.4546 -0.56164
-1.4535 1.6486
-1.4534 -0.60203
-1.4519 -0.64183
-1.4512 1.6722
-1.4502 -0.68093
-1.4482 -0.71913
-1.4481 1.6948
-1.446 -0.75628
-1.4443 1.7164
-1.4437 -0.79225
-1.4414 -0.82692
-1.4395 1.7369
-1.4391 -0.86025
-1.4369 -0.89221
-1.4349 -0.92287
-1.4336 1.7561
-1.4331 -0.95237
-1.4317 -0.98084
-1.4306 -1.1881
-1.4306 -1.163
-1.4306 -1.0084
-1.4304 -1.1379
-1.4303 -1.2137
-1.4303 -1.1127
-1.43 -1.0353
-1.4298 -1.0872
-1.4297 -1.0615
-1.4296 -1.239
-1.4286 -1.264
-1.4273 -1.2885
-1.4265 1.7741
-1.4256 -1.3131
-1.4232 -1.3379
-1.4199 -1.3628
-1.418 1.7906
-1.4157 -1.3876
-1.4106 -1.4117
-1.4083 1.8057
-1.4044 -1.4348
-1.3972 1.8195
-1.3971 -1.4569
-1.3887 -1.4782
-1.3848 1.8319
-1.3791 -1.4987
-1.3711 1.8432
-1.3681 -1.5184
-1.3561 1.8533
-1.3558 -1.5373
-1.3419 -1.5552
-1.34 1.8623
-1.3265 -1.5721
-1.3226 1.8705
-1.3093 -1.5878
-1.304 1.878
-1.2906 -1.6021
-1.2841 1.8848
-1.2702 -1.6147
-1.263 1.8912
-1.2483 -1.6257
-1.2408 1.8972
-1.225 -1.6349
-1.218 1.903
-1.2005 -1.6426
-1.1948 1.9086
-1.1747 -1.6491
-1.1715 1.9141
-1.1481 1.9193
-1.1476 -1.6545
-1.1245 1.9244
-1.1195 -1.6591
-1.1003 1.9293
-1.0901 -1.6631
-1.0762 1.9341
-1.0595 -1.6664
-1.052 1.9389
-1.0281 -1.6692
-1.0279 1.9435
-1.0038 1.9481
-0.99611 -1.6713
-0.97987 1.9527
-0.96406 -1.6728
-0.95659 1.9574
-0.93308 1.9622
-0.93214 -1.6734
-0.90933 1.9671
-0.9002 -1.6732
-0.88541 1.9721
-0.86812 -1.6722
-0.86134 1.977
-0.83716 1.982
-0.83593 -1.6713
-0.81288 1.9869
-0.80342 -1.6708
-0.78848 1.9919
-0.77098 -1.6706
-0.76397 1.9968
-0.73934 2.0017
-0.73859 -1.6706
-0.71459 2.0066
-0.7063 -1.6706
-0.68971 2.0115
-0.67415 -1.6706
-0.6647 2.0164
-0.64214 -1.6706
-0.63955 2.0214
-0.61426 2.0263
-0.61027 -1.6706
-0.58882 2.0312
-0.57851 -1.6706
-0.56309 2.0361
-0.5468 -1.6706
-0.53461 2.041
-0.51516 -1.6706
-0.48845 2.0457
-0.48363 -1.6706
-0.45215 -1.6706
-0.42193 2.0503
-0.42069 -1.6706
-0.38924 -1.6706
-0.36039 2.055
-0.35783 -1.6706
-0.32641 -1.6706
-0.30912 2.0598
-0.29492 -1.6706
-0.26339 -1.6706
-0.26309 2.0648
-0.23182 -1.6706
-0.21887 2.0702
-0.2001 -1.6706
-0.17454 2.0758
-0.16842 -1.6706
-0.13662 -1.6706
-0.12855 2.0816
-0.10467 -1.6707
-0.079062 2.0877
-0.072584 -1.6709
-0.040437 -1.6712
-0.023492 2.0941
-0.0083085 -1.6715
0.023721 -1.6718
0.041712 2.1012
0.055575 -1.672
0.087193 -1.6719
0.11853 -1.6716
0.12109 2.1092
0.14954 -1.671
0.18015 -1.67
0.21028 -1.6688
0.21965 2.118
0.2399 -1.6672
0.269 -1.6654
0.29757 -1.6634
0.3256 -1.6612
0.34151 2.1268
0.35314 -1.659
0.38025 -1.6567
0.40697 -1.6545
0.43335 -1.6523
0.45944 -1.6503
0.48531 -1.6485
0.48762 2.1349
0.51096 -1.6469
0.53644 -1.6456
0.5618 -1.6447
0.58708 -1.6441
0.6123 -1.6437
0.63755 -1.6437
0.65304 2.1418
0.66289 -1.6439
0.68833 -1.6442
0.71384 -1.6445
0.73936 -1.6448
0.76488 -1.645
0.7904 -1.6451
0.81592 -1.6451
0.82588 2.1472
0.84144 -1.6451
0.86696 -1.6451
0.89248 -1.6451
0.918 -1.6451
0.94353 -1.6452
0.96908 -1.6453
0.99011 2.151
0.99468 -1.6456
1.0204 -1.6459
1.0461 -1.6462
1.0719 -1.6464
1.0976 -1.6464
1.1232 -1.646
1.1322 2.1531
1.1484 -1.6452
1.1734 -1.6441
1.1982 -1.6429
1.2227 -1.6416
1.2465 2.1534
1.2471 -1.6401
1.2713 -1.6385
1.2953 -1.6368
1.3193 -1.6349
1.335 2.1515
1.3432 -1.6329
1.3671 -1.6307
1.3909 -1.6277
1.4035 2.1474
1.4146 -1.6224
1.4381 -1.6147
1.458 2.1407
1.4613 -1.6056
1.4842 -1.5957
1.5035 2.1314
1.5066 -1.5832
1.5286 -1.5701
1.5432 2.1193
1.5501 -1.556
1.5709 -1.5431
1.5793 2.1045
1.5911 -1.5293
1.6105 -1.5146
1.6131 2.0872
1.6291 -1.4991
1.6456 2.0679
1.6462 -1.4831
1.6614 -1.4669
1.6744 -1.4502
1.6791 2.0472
1.6859 -1.4298
1.6961 -1.4064
1.7053 -1.3804
1.7136 -1.3521
1.718 2.0255
1.7209 -1.3218
1.7272 -1.2896
1.7323 -1.2557
1.7364 -1.2199
1.7399 -1.1824
1.743 -1.1431
1.7459 -1.1021
1.7491 -1.0594
1.7526 -1.0149
1.7561 -0.96865
1.7594 -0.92066
1.7626 -0.8709
1.7656 -0.81937
1.7683 -0.76607
1.7709 -0.71098
1.771 2.0033
1.7734 -0.65412
1.7756 -0.59547
1.7777 -0.53504
1.7796 -0.47282
1.7814 -0.40881
1.783 -0.34301
1.7844 -0.27543
1.7857 -0.20606
1.7869 -0.13491
1.7878 -0.061971
1.7887 0.012748
1.8051 -0.031506
1.8077 0.039325
1.8104 0.10891
1.8131 0.17725
1.8159 0.24434
1.8187 0.31018
1.8216 0.37474
1.8245 0.43804
1.8274 0.50006
1.8304 0.5608
1.8334 0.62024
1.8364 0.6784
1.8381 1.9805
1.8395 0.73527
1.8426 0.79084
1.8458 0.84512
1.8491 0.89811
1.8524 0.94981
1.8558 1.0003
1.8591 1.0495
1.8626 1.0974
1.866 1.1442
1.8693 1.1899
1.8724 1.2345
1.8754 1.2781
1.878 1.3205
1.8791 1.9571
1.8805 1.3586
1.8825 1.3943
1.8842 1.4281
1.8855 1.9336
1.8856 1.4607
1.8864 1.9099
1.8866 1.4925
1.8874 1.8857
1.8874 1.5237
1.8882 1.8602
1.8882 1.5545
1.8889 1.8341
1.8889 1.584
1.8894 1.8057
1.8894 1.614
1.8899 1.7791
1.8899 1.6435
1.8902 1.7533
1.8902 1.6725
1.8903 1.7273
1.8903 1.7004
