-1.5826 1.6297
-1.5824 1.5767
-1.5813 1.5227
-1.5812 1.6811
-1.5807 0.6662
-1.5805 0.71953
-1.5799 1.4681
-1.5797 0.61287
-1.5795 0.77286
-1.5787 1.4137
-1.5786 0.82619
-1.5781 1.3596
-1.578 0.87952
-1.5779 1.0395
-1.5779 1.0928
-1.5779 1.1995
-1.5779 1.3062
-1.5779 0.98618
-1.5779 1.1462
-1.5779 1.2528
-1.5779 0.93285
-1.5777 1.7307
-1.5772 0.55954
-1.5733 0.50621
-1.5718 1.778
-1.5681 0.45288
-1.5628 1.8226
-1.5619 0.39955
-1.555 0.34622
-1.5503 1.8638
-1.5478 0.29289
-1.541 0.23948
-1.5352 0.18574
-1.5343 1.9013
-1.5309 0.13155
-1.528 0.077301
-1.5257 0.023764
-1.5235 -0.028544
-1.5212 -0.079489
-1.5183 -0.12908
-1.5147 1.9353
-1.514 -0.17737
-1.5082 -0.22451
-1.5014 -0.27083
-1.4943 -0.31687
-1.4917 1.9659
-1.4874 -0.36317
-1.4812 -0.41029
-1.4765 -0.45889
-1.4735 -0.50931
-1.472 -0.5612
-1.4713 -0.61372
-1.4705 -0.66625
-1.469 -0.71813
-1.4661 -0.76856
-1.4654 1.9932
-1.4614 -0.81715
-1.4552 -0.86428
-1.4483 -0.91058
-1.4411 -0.95662
-1.436 2.0174
-1.4344 -1.0029
-1.4288 -1.0501
-1.4248 -1.0984
-1.4222 -1.1479
-1.4207 -1.1988
-1.4196 -1.2514
-1.4184 -1.3059
-1.4158 -1.3614
-1.4105 -1.4162
-1.4035 2.0385
-1.4016 -1.4693
-1.3888 -1.5211
-1.3726 -1.5717
-1.3683 2.0566
-1.3534 -1.6207
-1.3317 -1.6683
-1.3304 2.0718
-1.3079 -1.7144
-1.2899 2.0841
-1.2821 -1.759
-1.2545 -1.8024
-1.2472 2.0937
-1.225 -1.8451
-1.2023 2.1008
-1.1934 -1.8872
-1.1592 -1.9281
-1.1547 2.1055
-1.122 -1.9674
-1.1049 2.108
-1.0814 -2.0049
-1.0529 2.1082
-1.0375 -2.0404
-0.99762 2.1072
-0.99058 -2.0726
-0.94092 -2.0996
-0.93715 2.1063
-0.88912 -2.1208
-0.87301 2.1062
-0.83574 -2.1367
-0.80646 2.1075
-0.78137 -2.1483
-0.73697 2.1108
-0.72664 -2.1561
-0.67213 -2.1611
-0.66279 2.1158
-0.61814 -2.1639
-0.58079 2.122
-0.56466 -2.1646
-0.51133 -2.1636
-0.48657 2.129
-0.45789 -2.1623
-0.40404 -2.1617
-0.37777 2.1364
-0.34975 -2.162
-0.29546 -2.1627
-0.25894 2.1434
-0.2419 -2.1628
-0.18959 -2.1618
-0.14272 2.1497
-0.13872 -2.1594
-0.089303 -2.1557
-0.041192 -2.1507
-0.040841 2.1537
0.0058633 -2.1446
0.04553 2.157
0.052235 -2.1376
0.098374 -2.1303
0.12157 2.1606
0.14475 -2.1242
0.19179 -2.1183
0.19217 2.1637
0.23998 -2.1138
0.26015 2.1661
0.28994 -2.1115
0.3269 2.1664
0.34184 -2.1104
0.39209 2.1642
0.39528 -2.1096
0.44968 -2.1084
0.45244 2.1599
0.504 -2.1068
0.509 2.1536
0.55692 -2.104
0.56488 2.1453
0.60779 -2.0987
0.6197 2.1348
0.65653 -2.0899
0.67194 2.1214
0.70315 -2.0773
0.72285 2.1048
0.74738 -2.0606
0.77262 2.0842
0.78872 -2.039
0.82156 2.0594
0.82704 -2.0126
0.86245 -1.9826
0.86806 2.0305
0.89501 -1.9496
0.9116 1.9988
0.92501 -1.9136
0.95161 1.9656
0.95278 -1.8749
0.97873 -1.8339
0.98782 1.9315
1.0035 -1.7915
1.0206 1.8962
1.0273 -1.7484
1.0501 -1.7052
1.0507 1.8593
1.0717 -1.6623
1.0789 1.8202
1.0922 -1.6197
1.106 1.7794
1.1119 -1.5763
1.1307 -1.5346
1.1331 1.7374
1.1487 -1.4935
1.1609 1.6947
1.1661 -1.4528
1.183 -1.4123
1.19 1.6509
1.1997 -1.3711
1.2167 -1.3289
1.2208 1.6072
1.2344 -1.2851
1.2529 1.5616
1.2531 -1.2399
1.273 -1.1932
1.2856 1.5149
1.2946 -1.1446
1.3179 -1.0937
1.3186 1.4685
1.3427 -1.0408
1.3515 1.4223
1.3686 -0.98722
1.3838 1.377
1.3947 -0.93341
1.4153 1.3329
1.4204 -0.87949
1.4455 -0.82676
1.4457 1.2899
1.4698 -0.77646
1.4749 1.2487
1.4928 -0.72831
1.5028 1.2101
1.5141 -0.68185
1.5295 1.1733
1.5339 -0.63731
1.5522 -0.59508
1.5556 1.1373
1.5691 -0.55474
1.5816 1.1014
1.5846 -0.5152
1.6008 -0.47455
1.6078 1.0654
1.6176 -0.43313
1.6346 1.0286
1.6347 -0.39125
1.6519 -0.349
1.6627 0.98984
1.6693 -0.30642
1.6868 -0.2635
1.6935 0.94876
1.7045 -0.22022
1.7223 -0.17654
1.7246 0.90611
1.7404 -0.13243
1.757 0.86228
1.7587 -0.087823
1.7773 -0.042666
1.7904 0.81678
1.8126 0.043573
1.8243 0.77171
1.8508 0.087264
1.8578 0.7264
1.8844 0.1306
1.8894 0.6812
1.9133 0.17363
1.9181 0.63657
1.9375 0.2164
1.9432 0.5932
1.957 0.25897
1.9641 0.5511
1.9719 0.30135
1.9774 0.51048
1.9822 0.34358
1.9855 0.46921
1.9878 0.38565
1.9889 0.42754
