-1.3196 -1.1085
-1.3196 1.2141
-1.3196 1.3981
-1.3196 -0.89736
-1.3196 -0.68621
-1.3196 -0.47507
-1.3196 -0.26393
-1.3196 -0.052786
-1.3196 0.15836
-1.3196 0.3695
-1.3196 0.58064
-1.3196 0.79179
-1.3196 1.0029
-1.3189 -1.3196
-1.2926 1.5879
-1.2913 -1.5308
-1.2578 1.7692
-1.2264 -1.7419
-1.1938 1.911
-1.1105 2.0466
-1.0801 -1.9534
-1.0077 2.1721
-0.89662 -2.1601
-0.87267 2.2896
-0.71477 2.3899
-0.68621 -2.3464
-0.4929 2.4698
-0.47507 -2.3953
-0.26393 -2.4548
-0.15971 2.5291
-0.052786 -2.4876
0.036895 2.607
0.15836 -2.4311
0.22377 2.6285
0.34102 -2.3682
0.38652 2.5564
0.5153 -2.2971
0.5712 2.4809
0.66354 -2.2347
0.74355 2.2698
0.78595 -2.1558
0.88861 2.0586
0.90633 -2.0708
1.0074 1.8475
1.0101 -1.9691
1.0232 0.15836
1.1 1.6364
1.1118 0.3695
1.1175 -1.8563
1.1667 1.4252
1.1746 0.58064
1.2075 1.2141
1.2082 -1.7369
1.2115 0.79179
1.2224 1.0029
1.297 -1.6025
1.3599 -1.4492
1.3967 -1.2712
1.4252 -0.68642
1.4252 -0.04757
1.4252 -1.0772
1.4252 -0.88412
1.4252 -0.48128
1.4252 -0.26828
