-1.8852 1.3644
-1.8852 1.6141
-1.8852 1.968
-1.8852 1.2979
-1.8852 1.4929
-1.8852 1.5543
-1.8852 1.7286
-1.8852 2.0028
-1.8852 1.4298
-1.8852 -0.48468
-1.8852 -0.41616
-1.8852 -0.14206
-1.8852 -0.073538
-1.8852 -0.0050139
-1.8852 1.6722
-1.8852 -0.27911
-1.8852 -0.21059
-1.8852 0.06351
-1.8852 0.13203
-1.8852 0.20056
-1.8852 0.26908
-1.8852 0.3376
-1.8852 0.40613
-1.8852 0.47465
-1.8852 0.54318
-1.8852 0.6117
-1.8852 0.68022
-1.8852 0.74875
-1.8852 0.81727
-1.8852 0.88579
-1.8852 0.95432
-1.8852 1.0228
-1.8852 1.0914
-1.8852 1.1599
-1.8852 1.2288
-1.8852 1.9364
-1.8852 -0.34763
-1.8852 1.9814
-1.8852 1.7832
-1.8852 1.8873
-1.8852 2.0395
-1.8852 1.8362
-1.8852 2.023
-1.8667 -0.5532
-1.8399 -0.62173
-1.8223 -0.69025
-1.8049 -0.75877
-1.7861 -0.82607
-1.7655 -0.88317
-1.742 -0.93671
-1.7123 -0.99049
-1.6735 -1.0428
-1.6285 -1.093
-1.5806 -1.1398
-1.5308 -1.1792
-1.4796 -1.2083
-1.4287 -1.23
-1.387 -1.2484
-1.3523 2.0521
-1.337 -1.2646
-1.2823 2.061
-1.2685 -1.2793
-1.219 2.0632
-1.2 -1.2943
-1.1446 2.0516
-1.1315 -1.3057
-1.063 -1.307
-1.0272 2.0214
-0.99443 -1.307
-0.92591 -1.307
-0.85738 -1.307
-0.79733 1.9959
-0.78886 -1.307
-0.72033 -1.307
-0.65181 -1.307
-0.58329 -1.307
-0.51476 -1.307
-0.44624 -1.307
-0.37772 -1.3069
-0.36386 1.9683
-0.30919 -1.3063
-0.24067 -1.3069
-0.17214 -1.3098
-0.10362 -1.3144
-0.035098 -1.3218
0.033426 -1.3338
0.10195 -1.3487
0.17047 -1.3607
0.21693 1.9369
0.239 -1.3681
0.30752 -1.3726
0.37604 -1.3755
0.44457 -1.3761
0.51309 -1.3755
0.58162 -1.3755
0.65014 -1.3755
0.68653 1.898
0.71866 -1.3755
0.78719 -1.3755
0.85571 -1.376
0.92423 -1.375
0.94319 1.8632
0.99276 -1.3723
1.0237 -1.3685
1.0718 1.8138
1.0775 -1.3624
1.1321 -1.3562
1.1501 1.7636
1.1856 -1.3467
1.2127 1.7567
1.2377 -1.3364
1.2767 1.7119
1.2884 -1.3222
1.3407 -1.3059
1.3939 -1.2859
1.4142 1.6398
1.4462 -1.2624
1.4932 -1.2356
1.5037 1.5689
1.5357 -1.2058
1.5745 -1.1731
1.5791 1.4992
1.6101 -1.1375
1.6372 1.4307
1.643 -1.099
1.6731 -1.0575
1.6814 1.3635
1.7007 -1.0126
1.7152 1.2974
1.7257 -0.9642
1.7414 1.2325
1.7481 -0.91346
1.7618 1.1686
1.768 -0.85824
1.7777 1.1062
1.7853 -0.80059
1.7902 1.0499
1.7904 0.0078818
1.7998 0.99621
1.8 -0.74056
1.8043 -0.068086
1.8072 0.93957
1.8081 0.063202
1.8109 0.13191
1.8121 -0.68001
1.8127 0.87838
1.8136 0.20061
1.8156 -0.14252
1.8159 0.2693
1.8167 0.8144
1.818 0.33797
1.8194 0.74881
1.8197 0.40661
1.8209 0.47521
1.821 0.68088
1.8216 0.54377
1.8216 -0.61834
1.8217 0.6123
1.8243 -0.21538
1.8286 -0.55524
1.8303 -0.28664
1.8329 -0.49056
1.8338 -0.35626
1.8347 -0.42424
