-2.1702 -1.025
-2.1698 -1.0875
-2.1698 -0.9618
-2.169 -0.89785
-2.1687 -1.1495
-2.1681 -0.83295
-2.1673 -0.76657
-2.1668 -0.69756
-2.1667 -0.62568
-2.1667 -0.48019
-2.1667 0.026775
-2.1667 0.099198
-2.1667 0.24396
-2.1667 0.38934
-2.1667 0.46205
-2.1667 0.89683
-2.1667 0.9691
-2.1667 1.3521
-2.1667 -0.55281
-2.1667 -0.26288
-2.1667 -0.1905
-2.1667 0.82451
-2.1667 1.0413
-2.1667 1.18
-2.1667 1.2397
-2.1667 1.4084
-2.1667 -0.33528
-2.1667 -0.11812
-2.1667 -0.045677
-2.1667 0.31658
-2.1667 0.53468
-2.1667 1.296
-2.1667 -0.40772
-2.1667 0.17159
-2.1667 0.60724
-2.1667 1.1127
-2.1667 0.67972
-2.1667 0.75215
-2.1665 -1.2112
-2.1633 -1.2725
-2.1587 -1.3333
-2.1547 1.4642
-2.1518 -1.3922
-2.1446 -1.444
-2.1359 -1.4941
-2.1256 -1.5387
-2.1136 -1.5777
-2.1 -1.6118
-2.085 -1.6415
-2.0723 1.519
-2.0685 -1.6675
-2.0517 -1.6906
-2.0344 -1.7112
-2.0166 -1.7294
-1.9984 -1.7453
-1.9798 -1.758
-1.961 -1.7662
-1.9489 1.5728
-1.942 -1.77
-1.9231 -1.7715
-1.9044 -1.7723
-1.8857 -1.7723
-1.867 -1.7711
-1.8574 1.6253
-1.8483 -1.7699
-1.8296 -1.7675
-1.8109 -1.7638
-1.7926 -1.7588
-1.7898 1.6765
-1.7746 -1.7522
-1.7569 -1.745
-1.7395 -1.7374
-1.7305 1.7263
-1.7222 -1.7297
-1.7051 -1.7221
-1.688 -1.7145
-1.6723 1.7743
-1.671 -1.7071
-1.6541 -1.6997
-1.6373 -1.6923
-1.6207 -1.6849
-1.6118 1.8196
-1.6043 -1.6777
-1.5881 -1.6707
-1.5719 -1.6638
-1.5555 -1.6569
-1.5456 1.8607
-1.5391 -1.6502
-1.5226 -1.6435
-1.5062 -1.6369
-1.4898 -1.6304
-1.4732 -1.6241
-1.4689 1.8958
-1.457 -1.6179
-1.4408 -1.612
-1.4248 -1.6061
-1.4087 -1.6002
-1.3923 -1.5943
-1.3755 -1.5881
-1.3735 1.9246
-1.3581 -1.5816
-1.3398 -1.5746
-1.3206 -1.5669
-1.3003 -1.5586
-1.2786 -1.5496
-1.2556 -1.5398
-1.2473 1.9477
-1.2313 -1.5293
-1.2056 -1.518
-1.1787 -1.506
-1.1508 -1.4933
-1.1219 -1.4801
-1.0923 -1.4664
-1.0756 1.9667
-1.0622 -1.4523
-1.0315 -1.438
-1.0006 -1.4236
-0.96962 -1.4093
-0.93868 -1.395
-0.90786 -1.3808
-0.87721 -1.3668
-0.84676 -1.3528
-0.84643 1.9829
-0.81648 -1.3388
-0.78635 -1.3248
-0.75627 -1.3108
-0.72615 -1.2968
-0.69594 -1.2829
-0.66565 -1.269
-0.63529 -1.255
-0.60489 -1.241
-0.57453 -1.2271
-0.55763 1.9973
-0.54426 -1.2131
-0.51406 -1.1992
-0.48396 -1.1852
-0.45392 -1.1713
-0.42382 -1.1573
-0.39362 -1.1434
-0.36334 -1.1294
-0.33297 -1.1155
-0.30255 -1.1015
-0.27217 -1.0875
-0.24185 -1.0736
-0.22771 2.0102
-0.2116 -1.0596
-0.18141 -1.0456
-0.15117 -1.0316
-0.12075 -1.0176
-0.090134 -1.0035
-0.059362 -0.98938
-0.028518 -0.97529
0.0022191 -0.9614
0.0326 -0.94784
0.062404 -0.93463
0.091438 -0.92173
0.10558 2.0217
0.11954 -0.90902
0.14662 -0.8964
0.17267 -0.88374
0.1977 -0.87087
0.22171 -0.85762
0.24482 -0.84379
0.26716 -0.82923
0.28889 -0.81379
0.3102 -0.79731
0.33127 -0.77973
0.35224 -0.76102
0.37327 -0.74125
0.39452 -0.7205
0.40252 2.032
0.41607 -0.69883
0.43803 -0.67638
0.46049 -0.65327
0.48341 -0.62966
0.50668 -0.60566
0.53024 -0.58141
0.55403 -0.55716
0.57794 -0.53314
0.60178 -0.5095
0.62538 -0.48623
0.6416 2.0413
0.64867 -0.46331
0.67162 -0.44073
0.69421 -0.41852
0.71643 -0.39665
0.73831 -0.37509
0.75951 -0.35408
0.78081 -0.33288
0.80229 -0.31143
0.82331 2.0499
0.82388 -0.28984
0.84552 -0.26817
0.86718 -0.24645
0.88884 -0.22469
0.91049 -0.2029
0.93214 -0.18106
0.95378 -0.15918
0.9603 2.0586
0.97544 -0.13723
0.99712 -0.11521
1.0188 -0.093119
1.0406 -0.070931
1.0624 -0.048644
1.0671 2.0677
1.0843 -0.026248
1.1148 0.0068566
1.1379 0.028208
1.155 2.0738
1.1607 0.049549
1.1832 0.070889
1.2055 0.092238
1.2274 0.11361
1.2318 2.0718
1.2491 0.13501
1.2706 0.15645
1.2918 0.17794
1.3025 2.0652
1.3127 0.19948
1.3334 0.22107
1.3539 0.2427
1.3704 2.0577
1.374 0.26434
1.3939 0.28597
1.4134 0.30754
1.4326 0.329
1.439 2.0497
1.4515 0.35049
1.4704 0.37272
1.4892 0.39532
1.508 0.41828
1.5145 2.0413
1.5269 0.44155
1.5457 0.46506
1.5644 0.48877
1.5831 0.51258
1.6017 0.53639
1.6088 2.0325
1.6201 0.56009
1.6384 0.58359
1.6566 0.60684
1.6748 0.62976
1.693 0.65233
1.7112 0.67452
1.7212 2.0232
1.7293 0.69635
1.7475 0.71788
1.7658 0.73914
1.7842 0.76021
1.7943 2.0135
1.8028 0.78118
1.8214 0.8021
1.8252 2.0034
1.84 0.82306
1.8494 1.993
1.8587 0.84413
1.8729 1.9825
1.8776 0.8654
1.8955 1.9718
1.8965 0.88692
1.9155 0.90876
1.9174 1.9595
1.9346 0.93095
1.9385 1.9459
1.9536 0.95351
1.9588 1.9307
1.9727 0.97642
1.9783 1.9142
1.9918 0.99966
1.9969 1.8964
2.0108 1.0232
2.0148 1.8777
2.0298 1.0471
2.032 1.8582
2.0484 1.8381
2.0487 1.0711
2.0641 1.8178
2.0676 1.095
2.0791 1.7973
2.0868 1.1185
2.0934 1.777
2.1061 1.1416
2.1065 1.7571
2.1174 1.7378
2.1252 1.1644
2.1273 1.7193
2.1368 1.7016
2.1433 1.1868
2.1459 1.6848
2.1544 1.6685
2.1602 1.2089
2.1636 1.6525
2.172 1.6366
2.1759 1.2306
2.1807 1.6205
2.1898 1.604
2.1905 1.2521
2.1987 1.5868
2.204 1.2733
2.207 1.5687
2.2146 1.5496
2.2163 1.2944
2.2216 1.5295
2.2272 1.3156
2.228 1.5088
2.2339 1.4878
2.2364 1.3369
2.2393 1.4665
2.2431 1.3584
2.2438 1.4451
2.247 1.4235
2.2471 1.3801
2.2482 1.4018
