-1.4952 2.7362
-1.4952 2.2289
-1.4952 -0.77676
-1.4952 1.5866
-1.4952 1.6894
-1.4952 2.3537
-1.4952 -0.67401
-1.4952 -0.36574
-1.4952 -0.26298
-1.4952 -0.16023
-1.4952 -0.057473
-1.4952 0.045282
-1.4952 0.14804
-1.4952 0.25079
-1.4952 0.35355
-1.4952 0.4563
-1.4952 0.55906
-1.4952 0.66181
-1.4952 0.76457
-1.4952 0.86733
-1.4952 0.97008
-1.4952 1.0728
-1.4952 1.1756
-1.4952 1.2783
-1.4952 1.3811
-1.4952 1.4839
-1.4952 1.8949
-1.4952 2.5365
-1.4952 -0.46849
-1.4952 1.7921
-1.4952 2.6855
-1.4952 -0.87952
-1.4952 2.0564
-1.4952 2.1394
-1.4952 1.9751
-1.4952 -0.57125
-1.4938 -0.98227
-1.4793 -1.085
-1.459 -1.1878
-1.4361 -1.2905
-1.4084 -1.3933
-1.368 -1.496
-1.3057 -1.5988
-1.2852 2.7343
-1.2305 -1.7016
-1.1507 -1.8043
-1.0683 -1.9071
-1.0271 2.714
-0.98006 -2.0098
-0.952 2.7072
-0.87865 -2.1126
-0.86434 2.7169
-0.77589 -2.2153
-0.68696 2.6142
-0.67313 -2.3181
-0.57038 -2.4208
-0.46762 -2.5236
-0.36487 -2.6264
-0.26211 -2.7291
-0.20694 2.5114
-0.15894 -2.8319
-0.054315 -2.9346
0.048591 -3.0374
0.14312 -3.1401
0.22948 -3.2429
0.30725 -3.3456
0.35863 2.4087
0.3816 -3.4484
0.46441 -3.5512
0.55769 -3.6539
0.64192 2.3059
0.66367 -3.7567
0.77111 -3.8594
0.77682 2.2031
0.86601 -3.9622
0.87122 2.1004
0.95286 -4.0649
0.95441 1.9976
1.033 -4.1677
1.0739 1.8949
1.1067 -4.2704
1.1436 1.7921
1.1729 -4.3732
1.2066 1.6894
1.2353 -4.476
1.2629 1.5866
1.294 -4.5787
1.3125 1.4839
1.3504 -4.6815
1.3556 1.3811
1.3922 1.2783
1.3985 -4.7842
1.4225 1.1756
1.4326 -4.887
1.4468 1.0728
1.4567 -4.9897
1.4656 0.97008
1.4724 -5.0925
1.4792 0.86733
1.4823 -5.1952
1.4838 0.045282
1.4846 0.14804
1.4847 -6.12
1.4847 -5.5035
1.4847 -6.2228
1.4847 -6.0173
1.4847 -5.9145
1.4847 -5.8118
1.4847 -5.6063
1.4847 -5.709
1.4847 -5.4008
1.4851 -5.298
1.4853 0.25079
1.4859 0.35355
1.4863 0.4563
1.4864 0.55906
1.4866 0.66181
1.4869 0.76457
