-2.2744 0.34916
-2.2743 0.11474
-2.2741 0.058024
-2.2741 0.406
-2.2736 0.29095
-2.2735 0.17285
-2.273 0.23188
-2.2723 0.46131
-2.2722 0.0030815
-2.2687 -0.049953
-2.2685 0.51532
-2.264 -0.10123
-2.2636 0.56796
-2.2584 -0.15112
-2.2573 0.61909
-2.2522 -0.20012
-2.2497 0.66877
-2.245 -0.24884
-2.2406 0.71687
-2.2364 -0.29785
-2.2301 0.76357
-2.2259 -0.34773
-2.2181 0.8086
-2.2134 -0.39901
-2.2046 0.85196
-2.1988 -0.45205
-2.1897 0.89374
-2.1822 -0.507
-2.1659 0.93388
-2.1633 -0.56373
-2.142 -0.6217
-2.1177 -0.67998
-2.0962 0.97235
-2.0907 -0.73779
-2.0615 -0.79502
-2.0316 -0.85207
-2.016 1.0097
-2.0016 -0.90913
-1.9722 -0.96618
-1.9527 1.0504
-1.9433 -1.0232
-1.9147 -1.0803
-1.8921 1.0945
-1.8861 -1.1373
-1.8576 -1.1944
-1.829 -1.2515
-1.8268 1.1386
-1.8005 -1.3085
-1.772 -1.3656
-1.7506 1.183
-1.7436 -1.4226
-1.7151 -1.4797
-1.6869 -1.5367
-1.6593 -1.5938
-1.6524 1.2296
-1.6322 -1.6509
-1.6052 -1.7091
-1.5773 -1.769
-1.5473 -1.8289
-1.5144 -1.8868
-1.5133 1.2819
-1.4786 -1.9411
-1.4403 -1.9904
-1.3996 -2.0344
-1.3562 -2.0714
-1.3133 1.3447
-1.3103 -2.0986
-1.2626 -2.1144
-1.2145 -2.1192
-1.1667 -2.1132
-1.12 -2.0973
-1.0743 -2.0735
-1.0618 1.4222
-1.0285 -2.0421
-0.98188 -2.0028
-0.9341 -1.96
-0.88559 -1.9206
-0.8368 -1.8841
-0.81327 1.5088
-0.7878 -1.8478
-0.7388 -1.8115
-0.69004 -1.776
-0.64157 -1.7411
-0.61597 1.5871
-0.59386 -1.7077
-0.54734 -1.6765
-0.50167 -1.6467
-0.47213 1.6458
-0.45618 -1.6169
-0.41024 -1.5866
-0.36384 -1.5562
-0.36229 1.6871
-0.31705 -1.5258
-0.26983 1.7162
-0.26966 -1.4955
-0.22196 -1.4648
-0.18497 1.7377
-0.17457 -1.434
-0.12778 -1.4029
-0.10193 1.7543
-0.08138 -1.3713
-0.035441 -1.3393
-0.01472 1.7666
0.01004 -1.3076
0.055689 -1.2762
0.086424 1.7714
0.10218 -1.2445
0.14989 -1.212
0.17764 1.766
0.19839 -1.1792
0.23874 1.757
0.24701 -1.146
0.29548 -1.1123
0.29632 1.7467
0.34414 -1.0788
0.35383 1.7359
0.39331 -1.0459
0.41129 1.7236
0.44303 -1.0133
0.46866 1.7094
0.49276 -0.98044
0.52596 1.6932
0.54187 -0.94744
0.58318 1.676
0.58981 -0.91423
0.63678 -0.88071
0.64033 1.6587
0.6832 -0.84685
0.69749 1.6419
0.7288 -0.81281
0.75482 1.6258
0.77297 -0.77907
0.81283 1.6099
0.81532 -0.74555
0.85584 -0.71189
0.86963 1.5939
0.89515 -0.67777
0.92486 1.578
0.93445 -0.64263
0.97496 -0.60663
0.97875 1.5633
1.0168 -0.57004
1.0313 1.5498
1.0593 -0.5338
1.082 1.5368
1.1016 -0.49876
1.1308 1.5239
1.1433 -0.46437
1.1774 1.5115
1.1843 -0.42987
1.2223 1.4994
1.2268 -0.3945
1.2661 1.4871
1.2702 -0.3585
1.3099 1.4749
1.3139 -0.32206
1.3548 1.4627
1.3579 -0.28532
1.4014 1.4504
1.4021 -0.2483
1.4465 -0.21101
1.4502 1.4374
1.4912 -0.17341
1.501 1.4244
1.5362 -0.13548
1.5535 1.4109
1.5815 -0.097166
1.6074 1.3962
1.6273 -0.058462
1.6626 1.3804
1.6629 0.0077281
1.7053 0.039676
1.7194 1.3644
1.7477 0.072109
1.7774 1.3486
1.7901 0.10499
1.8326 0.13829
1.8357 1.3326
1.875 0.17197
1.8935 1.3162
1.9176 0.20601
1.9508 1.2998
1.9601 0.2404
2.0027 0.27519
2.0078 1.2841
2.0452 0.3105
2.0649 1.2695
2.0877 0.34658
2.1221 1.2559
2.13 0.38344
2.1728 0.41966
2.1799 1.2428
2.2157 0.45595
2.2384 1.2295
2.2582 0.49213
2.2977 1.2147
2.3004 0.52878
2.3421 0.56638
2.357 1.1961
2.3841 0.60508
2.4161 1.1725
2.4263 0.64438
2.4682 0.68365
2.4717 1.1439
2.5094 0.72297
2.5208 1.1098
2.5481 0.76291
2.5628 1.071
2.5818 0.80383
2.5958 1.0289
2.608 0.8466
2.6182 0.9841
2.6236 0.89144
2.6276 0.93773
