-1.9002 1.9472
-1.9002 2.0351
-1.9002 0.090571
-1.9002 -0.18811
-1.9002 0.22991
-1.9002 0.36925
-1.9002 0.50859
-1.9002 0.64793
-1.9002 0.78727
-1.9002 0.92661
-1.9002 1.0659
-1.9002 1.2053
-1.9002 1.4841
-1.9002 1.8966
-1.9002 -0.32745
-1.9002 -0.048769
-1.9002 1.3446
-1.9002 1.7607
-1.9002 1.6232
-1.8566 -0.46679
-1.8228 -0.60613
-1.7828 -0.7455
-1.7281 -0.872
-1.6435 -0.99489
-1.5441 -1.1111
-1.4386 -1.2132
-1.3735 2.1447
-1.3429 -1.2913
-1.2035 -1.3539
-1.1987 2.288
-1.0642 -1.4012
-0.92487 -1.4351
-0.78553 -1.455
-0.70603 2.3077
-0.64619 -1.4919
-0.50685 -1.5233
-0.36751 -1.5484
-0.22817 -1.5545
-0.088829 -1.5718
0.050511 -1.5829
0.18985 -1.5808
0.32919 -1.5786
0.46853 -1.5773
0.52837 2.2708
0.60787 -1.5707
0.74721 -1.559
0.88655 -1.5361
1.0211 2.2855
1.0259 -1.5028
1.1652 -1.4605
1.1959 2.1807
1.3046 -1.41
1.4439 -1.3516
1.5832 -1.2855
1.7226 2.0413
1.7226 0.22991
1.7226 1.484
1.7226 -1.2116
1.7226 0.36925
1.7226 0.50859
1.7226 1.3446
1.7226 0.090571
1.7226 1.7626
1.7226 0.64793
1.7226 0.78727
1.7226 0.92661
1.7226 1.0659
1.7226 1.902
1.7226 1.2053
1.7226 1.6233
1.8619 -1.1301
2.0013 -1.0409
2.1406 -0.94401
2.2799 -0.83936
2.4193 -0.72692
2.5586 -0.60664
2.698 -0.4785
2.8373 -0.34246
2.9766 -0.19849
3.116 -0.046572
