-1.716 -0.59963
-1.714 0.90225
-1.7107 -0.41319
-1.7107 -0.22675
-1.7107 0.14613
-1.7107 0.70545
-1.7107 0.51901
-1.7107 -0.040311
-1.7107 0.33257
-1.7103 -0.78607
-1.699 1.0784
-1.682 -0.97251
-1.6611 1.2202
-1.618 -1.1589
-1.6093 1.3224
-1.5305 1.4062
-1.4956 -1.3557
-1.4416 1.4972
-1.3374 -1.5319
-1.3359 1.5925
-1.2204 1.6943
-1.1566 -1.6737
-1.0932 1.7681
-0.96554 1.8249
-0.96495 -1.7759
-0.84396 1.892
-0.77851 -1.8597
-0.7295 1.9487
-0.62098 1.9974
-0.59207 -1.9505
-0.51173 2.0721
-0.40563 -2.0462
-0.40413 2.159
-0.30662 2.2708
-0.21919 -2.1491
-0.17196 2.3018
-0.02831 -2.2443
-0.023154 2.2581
0.14647 -2.2789
0.14954 2.1482
0.30414 -2.2348
0.34013 2.0549
0.43233 -2.1603
0.52657 1.9655
0.553 -2.0922
0.66591 -2.0348
0.713 1.8818
0.78034 -1.9614
0.88754 -1.8596
0.89944 1.7796
0.99215 -1.7641
1.0859 1.6378
1.0916 -1.6725
1.189 -1.5775
1.2778 1.4616
1.2781 -1.4861
1.3656 -1.3913
1.4477 -1.3003
1.4569 1.2648
1.5241 -1.2156
1.5931 -1.1028
1.6162 1.0783
1.6599 -0.97346
1.7246 -0.85468
1.7404 0.89189
1.7751 -0.73135
1.8097 -0.58858
1.8109 0.70545
1.8178 0.14613
1.8311 -0.42413
1.8315 -0.03197
1.8385 -0.23857
1.8489 0.51901
1.8511 0.33257
