-1.6777 1.168
-1.677 -0.25789
-1.677 0.6495
-1.677 -0.38752
-1.677 0.77913
-1.677 -0.51715
-1.677 -0.12826
-1.677 0.0013645
-1.677 0.13099
-1.677 0.26062
-1.677 0.39025
-1.677 0.51987
-1.677 0.90876
-1.677 1.0384
-1.677 -0.64677
-1.6699 -0.7764
-1.6693 1.2976
-1.6512 1.4273
-1.6488 -0.90603
-1.6251 -1.0357
-1.6241 1.5569
-1.5938 -1.1653
-1.588 1.6865
-1.5501 -1.2949
-1.5427 1.8162
-1.4911 -1.4245
-1.4881 1.9458
-1.4178 -1.4888
-1.3771 2.0754
-1.3313 -1.5701
-1.2518 2.0569
-1.2317 -1.6424
-1.119 -1.6751
-1.1115 2.1258
-1.0028 -1.6474
-0.92416 2.1962
-0.88495 -1.637
-0.76589 -1.65
-0.63995 -1.6651
-0.61903 2.276
-0.51032 -1.6838
-0.3807 -1.6838
-0.25107 -1.6838
-0.21996 2.3848
-0.12144 -1.6838
0.008187 -1.6838
0.11473 2.4491
0.13781 -1.6838
0.26744 -1.6838
0.37094 2.4401
0.39707 -1.6838
0.5267 -1.6838
0.57276 2.4033
0.65632 -1.6838
0.74465 2.365
0.78655 -1.6838
0.90531 2.4643
0.90774 -1.6838
1.0231 -1.6838
1.0538 2.3347
1.1248 -1.6838
1.1858 2.205
1.2196 -1.6838
1.3028 2.0754
1.3029 -1.6838
1.3766 -1.6838
1.4051 1.9458
1.4447 -1.6838
1.493 1.8162
1.5058 -1.6838
1.5614 -1.6838
1.5669 1.6865
1.6078 -1.6838
1.6195 1.5569
1.6425 -1.6838
1.6532 1.4273
1.6705 -1.6838
1.6737 1.2976
1.6821 -1.6838
1.6832 -1.6838
1.6866 1.168
1.6933 0.26062
1.6933 0.51987
1.6933 0.77913
1.6933 0.0013645
1.6933 0.90876
1.6933 0.13099
1.6933 0.39025
1.6933 0.6495
1.6944 -1.6838
1.6948 1.0384
1.6949 -1.6838
1.7021 -1.6838
1.7024 -1.6838
1.7049 -1.6838
