2.5858 0.058232
2.4841 0.058232
2.5858 0.15995
2.5858 0.26168
2.5858 0.3634
2.5858 0.46512
2.5858 0.56684
2.4841 0.66856
2.4841 0.77028
2.3824 0.87201
2.3824 0.97373
2.2806 0.97373
2.2806 1.0754
2.1789 1.0754
2.1789 1.1772
2.1789 1.2789
2.0772 1.2789
2.0772 1.3806
1.9755 1.3806
1.9755 1.4823
1.8737 1.5841
1.772 1.6858
1.6703 1.7875
1.5686 1.8892
1.4669 1.8892
1.3651 1.8892
1.2634 1.8892
1.1617 1.8892
1.06 1.8892
0.95825 1.8892
0.85653 1.8892
0.7548 1.7875
0.7548 1.8892
0.65308 1.7875
0.55136 1.7875
0.44964 1.6858
0.44964 1.7875
0.34792 1.6858
0.2462 1.6858
0.14447 1.6858
-0.6693 1.1772
-0.77102 1.1772
-0.87274 1.1772
-0.87274 1.0754
-0.97446 1.0754
-1.0762 1.0754
-1.0762 0.97373
-1.1779 0.97373
-1.2796 0.97373
-1.2796 0.87201
-1.3814 0.87201
-1.3814 0.77028
-1.4831 0.77028
-1.5848 0.77028
-1.5848 0.66856
-1.6865 0.66856
-1.6865 0.56684
-1.7882 0.56684
-1.89 0.56684
-1.89 0.46512
-1.9917 0.46512
-1.9917 0.3634
-2.0934 0.3634
-2.0934 0.26168
-2.1951 0.26168
-2.1951 0.15995
-2.2968 0.15995
-2.2968 0.058232
-2.2968 -0.04349
-2.2968 -0.14521
-2.2968 -0.24693
-2.2968 -0.34865
-2.2968 -0.45038
-2.2968 -0.5521
-2.1951 -0.5521
-2.1951 -0.65382
-2.1951 -0.75554
-2.0934 -0.85726
-2.0934 -0.95899
-2.0934 -1.0607
-1.9917 -1.0607
-1.9917 -1.1624
-1.9917 -1.2642
-1.9917 -1.3659
-1.89 -1.3659
-1.89 -1.4676
-1.89 -1.5693
-1.7882 -1.671
-1.7882 -1.7728
-1.6865 -1.8745
-1.5848 -1.9762
-1.4831 -1.9762
-1.3814 -1.9762
-1.2796 -1.9762
-1.1779 -1.8745
-1.1779 -1.9762
-1.0762 -1.8745
-0.97446 -1.7728
-0.87274 -1.7728
-0.77102 -1.671
-0.6693 -1.671
-0.56758 -1.5693
-0.46586 -1.5693
-0.36413 -1.4676
-0.26241 -1.3659
-0.26241 -1.4676
-0.16069 -1.3659
-0.058969 -1.2642
-0.058969 -1.3659
0.042753 -1.2642
0.14447 -1.2642
0.2462 -1.1624
0.34792 -1.1624
0.44964 -1.0607
0.55136 -1.0607
0.65308 -0.95899
0.7548 -0.85726
0.85653 -0.85726
0.95825 -0.85726
0.95825 -0.75554
1.06 -0.75554
1.1617 -0.75554
1.1617 -0.65382
1.2634 -0.65382
1.3651 -0.65382
1.3651 -0.5521
1.4669 -0.5521
1.5686 -0.45038
1.6703 -0.45038
1.772 -0.34865
1.8737 -0.34865
1.9755 -0.24693
2.0772 -0.24693
2.1789 -0.14521
2.2806 -0.14521
2.3824 -0.14521
2.3824 -0.04349
2.4841 -0.04349
