0.77895 0.021582
0.74038 0.021582
0.77895 0.098717
0.77895 0.17585
0.77895 0.25299
0.77895 0.33012
0.77895 0.36869
0.77895 0.44583
0.77895 0.52296
0.77895 0.6001
0.77895 0.63867
0.81752 0.7158
0.81752 0.79294
0.81752 0.87007
0.81752 0.90864
0.81752 0.98578
0.81752 1.0629
0.81752 1.14
0.81752 1.1786
0.81752 1.2558
0.81752 1.3329
0.85608 1.41
0.85608 1.4486
0.85608 1.5257
0.85608 1.6029
0.85608 1.68
0.85608 1.7186
0.85608 1.7957
0.85608 1.8728
0.85608 1.95
0.89465 2.0657
0.85608 2.0271
0.89465 2.1428
0.89465 2.2199
0.89465 2.2971
0.89465 2.3356
0.89465 2.4128
0.89465 2.4899
0.89465 2.5671
0.89465 2.6056
0.93322 2.7599
0.89465 2.6828
0.93322 2.837
0.93322 2.8756
0.93322 2.9527
0.93322 3.0299
0.93322 3.107
0.93322 3.1456
0.93322 3.2227
0.97179 3.4155
0.93322 3.2998
0.97179 3.4541
0.97179 3.4927
0.93322 3.377
0.97179 3.5312
0.97179 3.5698
0.97179 3.6084
0.97179 3.647
0.97179 3.6855
0.93322 3.7241
0.89465 3.7627
0.85608 3.7627
0.81752 3.7627
0.77895 3.7241
0.77895 3.7627
0.74038 3.6855
0.74038 3.7241
0.70181 3.647
0.70181 3.6855
0.66325 3.647
-2.7307 -1.1355
-2.7307 -1.174
-2.7307 -1.2126
-2.7307 -1.2512
-2.7307 -1.2897
-2.6921 -1.3283
-2.6536 -1.3669
-2.615 -1.3669
-2.5764 -1.3669
-2.5379 -1.4054
-2.4993 -1.4054
-2.4607 -1.4054
-2.4222 -1.4054
-2.3836 -1.4054
-2.3065 -1.4054
-2.2679 -1.4054
-2.2293 -1.4054
-2.1908 -1.4054
-2.1522 -1.4054
-2.0751 -1.444
-2.0365 -1.444
-1.9979 -1.444
-1.9594 -1.444
-1.8822 -1.444
-1.8437 -1.444
-1.8051 -1.444
-1.7665 -1.444
-1.728 -1.444
-1.6508 -1.444
-1.6123 -1.4826
-1.5737 -1.4826
-1.5351 -1.4826
-1.458 -1.4826
-1.4194 -1.4826
-1.3808 -1.4826
-1.3423 -1.4826
-1.3037 -1.4826
-1.2266 -1.4826
-1.188 -1.4826
-1.1494 -1.5211
-1.1109 -1.5211
-1.0337 -1.5211
-0.99517 -1.5211
-0.9566 -1.5211
-0.91803 -1.5211
-0.87946 -1.5211
-0.80233 -1.5211
-0.76376 -1.5211
-0.72519 -1.5211
-0.68663 -1.5597
-0.60949 -1.5597
-0.57092 -1.5597
-0.53235 -1.5597
-0.49379 -1.5597
-0.45522 -1.5597
-0.37808 -1.5597
-0.33952 -1.5597
-0.30095 -1.5597
-0.26238 -1.5597
-0.18525 -1.5983
-0.14668 -1.5983
-0.10811 -1.5983
-0.069542 -1.5983
-0.030974 -1.5983
0.0075937 -1.5983
0.046161 -1.5983
0.084729 -1.5983
0.1233 -1.5983
0.16186 -1.5983
0.20043 -1.5983
0.239 -1.5983
0.27757 -1.5983
0.31614 -1.5983
0.3547 -1.6368
0.39327 -1.6368
0.43184 -1.6368
0.47041 -1.6368
0.50897 -1.6368
0.50897 -1.5983
0.54754 -1.5597
0.58611 -1.5597
0.58611 -1.5211
0.62468 -1.4826
0.66325 -1.4826
0.66325 -1.444
0.66325 -1.4054
0.66325 -1.3669
0.66325 -1.3283
0.70181 -1.3283
0.70181 -1.2897
0.70181 -1.2512
0.70181 -1.2126
0.70181 -1.174
0.70181 -1.1355
0.70181 -1.0969
0.70181 -1.0583
0.70181 -1.0197
0.70181 -0.98118
0.70181 -0.94261
0.70181 -0.90404
0.70181 -0.86548
0.70181 -0.82691
0.70181 -0.78834
0.70181 -0.74977
0.70181 -0.71121
0.70181 -0.67264
0.74038 -0.63407
0.74038 -0.5955
0.74038 -0.55693
0.74038 -0.51837
0.74038 -0.4798
0.74038 -0.44123
0.74038 -0.40266
0.74038 -0.3641
0.74038 -0.32553
0.74038 -0.28696
0.74038 -0.24839
0.74038 -0.20982
0.74038 -0.17126
0.74038 -0.13269
0.74038 -0.094121
0.74038 -0.055554
0.74038 -0.016986
