1.8957 0.064707
1.8957 0.1607
1.8957 0.2567
1.8957 0.35269
1.8957 0.44869
1.8957 0.54468
1.8957 0.64067
1.8957 0.73667
1.8957 0.83266
1.7997 0.92866
1.7997 1.0247
1.7997 1.1206
1.7997 1.2166
1.7997 1.3126
1.7037 1.3126
1.7037 1.4086
1.7037 1.5046
1.7037 1.6006
1.7037 1.6966
1.6077 1.7926
1.6077 1.8886
1.5117 1.9846
1.4157 2.0806
1.3197 2.1766
1.2238 2.1766
1.1278 2.2726
1.0318 2.2726
-0.40815 2.1766
-0.50415 2.1766
-0.60014 2.1766
-0.60014 2.0806
-0.69614 2.0806
-0.69614 1.9846
-0.79213 1.9846
-0.79213 1.8886
-0.88813 1.8886
-0.88813 1.7926
-0.98412 1.7926
-0.98412 1.6966
-1.0801 1.6966
-1.0801 1.6006
-1.1761 1.5046
-1.2721 1.4086
-1.2721 1.3126
-1.3681 1.3126
-1.3681 1.2166
-1.4641 1.2166
-1.4641 1.1206
-1.5601 1.1206
-1.5601 1.0247
-1.6561 0.92866
-1.7521 0.83266
-1.8481 0.73667
-1.8481 0.64067
-1.9441 0.64067
-1.9441 0.54468
-2.0401 0.54468
-2.0401 0.44869
-2.1361 0.44869
-2.1361 0.35269
-2.1361 0.2567
-2.2321 0.2567
-2.2321 0.1607
-2.2321 0.064707
-2.1361 -0.031287
-2.1361 -0.12728
-2.0401 -0.12728
-2.0401 -0.22328
-1.9441 -0.22328
-1.9441 -0.31927
-1.8481 -0.31927
-1.8481 -0.41527
-1.7521 -0.41527
-1.7521 -0.51126
-1.6561 -0.51126
-1.6561 -0.60725
-1.5601 -0.60725
-1.5601 -0.70325
-1.4641 -0.70325
-1.4641 -0.79924
-1.3681 -0.79924
-1.3681 -0.89524
-1.2721 -0.89524
-1.2721 -0.99123
-1.1761 -1.0872
-1.0801 -1.0872
-1.0801 -1.1832
-0.98412 -1.2792
-0.88813 -1.3752
-0.79213 -1.4712
-0.69614 -1.5672
-0.60014 -1.6632
-0.50415 -1.7592
-0.40815 -1.7592
-0.31216 -1.7592
-0.21617 -1.7592
-0.12017 -1.7592
-0.024176 -1.7592
0.071818 -1.7592
0.16781 -1.8552
0.26381 -1.8552
0.3598 -1.8552
0.4558 -1.8552
0.55179 -1.8552
0.64779 -1.8552
0.74378 -1.8552
0.83977 -1.8552
0.93577 -1.8552
1.0318 -1.8552
1.0318 -1.7592
1.1278 -1.7592
1.2238 -1.7592
1.3197 -1.7592
1.3197 -1.6632
1.4157 -1.5672
1.5117 -1.5672
1.5117 -1.4712
1.6077 -1.3752
1.7037 -1.3752
1.7037 -1.2792
1.7037 -1.1832
1.7037 -1.0872
1.7997 -1.0872
1.7997 -0.99123
1.7997 -0.89524
1.7997 -0.79924
1.8957 -0.79924
1.8957 -0.70325
1.8957 -0.60725
1.8957 -0.51126
1.8957 -0.41527
1.8957 -0.31927
1.8957 -0.22328
1.8957 -0.12728
1.8957 -0.031287
