1.7462 0.12363
1.7462 0.25498
1.7462 0.38634
1.7462 0.51769
1.7462 0.64905
1.7462 0.7804
1.7462 0.91176
1.7462 1.0431
1.7462 1.1745
1.7462 1.3058
1.7462 1.4372
1.7462 1.5685
1.6149 1.6999
1.6149 1.8312
1.4835 1.9626
1.3522 2.0939
1.2208 2.2253
1.0895 2.2253
0.95812 2.3567
0.82676 2.3567
-1.2749 2.2253
-1.4063 2.2253
-1.5376 2.0939
-1.5376 1.9626
-1.669 1.9626
-1.8003 1.8312
-1.8003 1.6999
-1.8003 1.5685
-1.8003 1.4372
-1.8003 1.3058
-1.8003 1.1745
-1.8003 1.0431
-1.8003 0.91176
-1.8003 0.7804
-1.8003 0.64905
-1.8003 0.51769
-1.8003 0.38634
-1.8003 0.25498
-1.8003 0.12363
-1.8003 -0.0077267
-1.8003 -0.13908
-1.8003 -0.27044
-1.8003 -0.40179
-1.8003 -0.53315
-1.8003 -0.6645
-1.8003 -0.79585
-1.8003 -0.92721
-1.8003 -1.0586
-1.669 -1.1899
-1.5376 -1.3213
-1.4063 -1.4526
-1.2749 -1.4526
-1.1436 -1.4526
-1.0122 -1.4526
-0.88085 -1.4526
-0.74949 -1.584
-0.61814 -1.584
-0.48678 -1.584
-0.35543 -1.584
-0.22408 -1.584
-0.092721 -1.584
0.038634 -1.584
0.16999 -1.584
0.30134 -1.584
0.4327 -1.584
0.56405 -1.584
0.69541 -1.584
0.82676 -1.584
0.95812 -1.584
1.0895 -1.584
1.2208 -1.584
1.2208 -1.4526
1.3522 -1.3213
1.4835 -1.3213
1.4835 -1.1899
1.6149 -1.0586
1.7462 -1.0586
1.7462 -0.92721
1.7462 -0.79585
1.7462 -0.6645
1.7462 -0.53315
1.7462 -0.40179
1.7462 -0.27044
1.7462 -0.13908
1.7462 -0.0077267
