1.1859 0.032914
1.2246 0.11022
1.3019 0.18754
1.3406 0.22619
1.3792 0.3035
1.4565 0.38081
1.4952 0.45812
1.5338 0.53543
1.5725 0.57409
1.6498 0.6514
1.6885 0.72871
1.7271 0.80602
1.7658 0.84467
1.8431 0.92198
1.8817 0.9993
1.9204 1.0766
1.9977 1.1539
2.0364 1.1926
2.075 1.2699
2.1137 1.3472
2.191 1.4245
2.2296 1.4632
2.2683 1.5405
2.3456 1.6178
2.3842 1.6951
2.4229 1.7724
2.4616 1.8111
2.5389 1.8884
2.5775 1.9657
2.6935 2.0816
2.6162 2.043
2.6935 2.1203
2.7321 2.159
2.6935 2.159
2.7321 2.1976
2.7321 2.2363
2.6935 2.2749
2.6935 2.3136
2.6548 2.3522
2.6162 2.3522
2.5775 2.3909
2.5389 2.3909
2.5002 2.3909
2.4616 2.3909
2.4229 2.3909
2.3842 2.3909
2.3456 2.3909
2.3069 2.4295
2.2683 2.4295
2.2296 2.4295
2.191 2.4295
2.1523 2.4295
2.1137 2.4295
2.075 2.4295
2.0364 2.4295
1.9977 2.4295
1.959 2.4682
1.9204 2.4682
1.8817 2.4682
1.8431 2.4682
1.8044 2.4682
1.7658 2.4682
1.7271 2.4682
1.6885 2.4682
1.6498 2.4682
-0.20565 2.6615
-0.24431 2.6615
-0.28296 2.6615
-0.32162 2.6615
-0.36027 2.6615
-0.39893 2.6615
-0.43758 2.6615
-0.47624 2.6615
-0.51489 2.6615
-0.55355 2.6615
-0.5922 2.6228
-0.5922 2.5842
-0.63086 2.5842
-0.66951 2.5455
-0.66951 2.5068
-0.70817 2.5068
-0.70817 2.4682
-0.70817 2.4295
-0.70817 2.3909
-0.70817 2.3522
-0.70817 2.3136
-0.70817 2.2749
-0.70817 2.2363
-0.70817 2.1976
-0.70817 2.159
-0.70817 2.1203
-0.70817 2.0816
-0.70817 2.043
-0.70817 2.0043
-0.70817 1.9657
-0.74682 1.9657
-0.74682 1.927
-0.74682 1.8884
-0.74682 1.8497
-0.74682 1.8111
-0.74682 1.7724
-0.74682 1.7337
-0.74682 1.6951
-0.74682 1.6564
-0.74682 1.6178
-0.74682 1.5791
-0.74682 1.5405
-0.74682 1.5018
-0.74682 1.4632
-0.74682 1.4245
-0.74682 1.3858
-0.78548 1.3858
-0.78548 1.3472
-0.78548 1.3085
-0.78548 1.2699
-0.78548 1.2312
-0.78548 1.1926
-0.78548 1.1539
-0.78548 1.1153
-0.78548 1.0766
-0.78548 1.038
-0.78548 0.9993
-0.78548 0.96064
-0.78548 0.92198
-0.78548 0.88333
-0.78548 0.84467
-0.78548 0.80602
-0.82413 0.80602
-0.82413 0.76736
-0.82413 0.72871
-0.82413 0.69005
-0.82413 0.6514
-0.82413 0.61274
-0.82413 0.57409
-0.82413 0.53543
-0.82413 0.49678
-0.82413 0.45812
-0.82413 0.41947
-0.82413 0.38081
-0.82413 0.34216
-0.82413 0.3035
-0.82413 0.26485
-0.82413 0.22619
-0.82413 0.18754
-0.86279 0.18754
-0.86279 0.14888
-0.86279 0.11022
-0.86279 0.07157
-0.86279 0.032914
-0.86279 -0.0057409
-0.86279 -0.044396
-0.86279 -0.083051
-0.86279 -0.12171
-0.86279 -0.16036
-0.86279 -0.19902
-0.86279 -0.23767
-0.86279 -0.27633
-0.86279 -0.31498
-0.86279 -0.35364
-0.86279 -0.39229
-0.86279 -0.43095
-0.90145 -0.4696
-0.86279 -0.4696
-0.90145 -0.50826
-0.90145 -0.54691
-0.90145 -0.58557
-0.90145 -0.62422
-0.90145 -0.66288
-0.90145 -0.70153
-0.90145 -0.74019
-0.90145 -0.77885
-0.90145 -0.8175
-0.90145 -0.85616
-0.90145 -0.89481
-0.90145 -0.93347
-0.90145 -0.97212
-0.90145 -1.0108
-0.90145 -1.0494
-0.9401 -1.1267
-0.90145 -1.0881
-0.9401 -1.1654
-0.90145 -1.1267
-0.9401 -1.2041
-0.9401 -1.2427
-0.9401 -1.2814
-0.9401 -1.32
-0.9401 -1.3587
-0.9401 -1.3973
-0.9401 -1.436
-0.9401 -1.4746
-0.9401 -1.5133
-0.9401 -1.5519
-0.9401 -1.5906
-0.9401 -1.6293
-0.9401 -1.6679
-0.9401 -1.7066
-0.9401 -1.7452
-0.97876 -1.8225
-0.9401 -1.7839
-0.97876 -1.8612
-0.97876 -1.8998
-0.97876 -1.9385
-0.97876 -1.9772
-0.97876 -2.0158
-0.97876 -2.0545
-0.97876 -2.0931
-0.97876 -2.1318
-0.97876 -2.1704
-0.97876 -2.2091
-0.97876 -2.2477
-0.97876 -2.2864
-0.97876 -2.3251
-0.97876 -2.3637
-0.97876 -2.4024
-0.97876 -2.441
-0.97876 -2.4797
-0.97876 -2.5183
-0.97876 -2.557
-0.97876 -2.5956
-0.97876 -2.6343
-0.97876 -2.673
-0.97876 -2.7116
-0.9401 -2.7503
-0.90145 -2.7503
-0.86279 -2.7503
-0.82413 -2.7116
-0.82413 -2.7503
-0.78548 -2.673
-0.78548 -2.7116
-0.74682 -2.5956
-0.74682 -2.6343
-0.74682 -2.673
-0.70817 -2.557
-0.70817 -2.5956
-0.66951 -2.5183
-0.66951 -2.557
-0.63086 -2.441
-0.63086 -2.4797
-0.63086 -2.5183
-0.5922 -2.4024
-0.5922 -2.441
-0.55355 -2.3637
-0.55355 -2.4024
-0.51489 -2.2864
-0.51489 -2.3251
-0.51489 -2.3637
-0.47624 -2.2477
-0.47624 -2.2864
-0.43758 -2.2091
-0.43758 -2.2477
-0.39893 -2.1318
-0.39893 -2.1704
-0.36027 -2.0931
-0.36027 -2.1318
-0.32162 -2.0158
-0.32162 -2.0545
-0.32162 -2.0931
-0.28296 -1.9772
-0.28296 -2.0158
-0.24431 -1.9385
-0.24431 -1.9772
-0.20565 -1.8998
-0.167 -1.8225
-0.167 -1.8612
-0.12834 -1.7839
-0.12834 -1.8225
-0.089685 -1.7066
-0.089685 -1.7452
-0.089685 -1.7839
-0.05103 -1.6679
-0.05103 -1.7066
-0.012375 -1.6293
-0.012375 -1.6679
0.02628 -1.5906
0.02628 -1.5519
0.064936 -1.5519
0.064936 -1.5133
0.10359 -1.4746
0.10359 -1.436
0.14225 -1.436
0.14225 -1.3973
0.1809 -1.3973
0.1809 -1.3587
0.21956 -1.3587
0.25821 -1.2814
0.29687 -1.2041
0.33552 -1.1267
0.41283 -1.0494
0.45149 -1.0108
0.49014 -0.93347
0.5288 -0.85616
0.60611 -0.77885
0.64476 -0.70153
0.68342 -0.66288
0.76073 -0.58557
0.79939 -0.50826
0.83804 -0.43095
0.8767 -0.39229
0.95401 -0.31498
0.99266 -0.23767
1.0313 -0.16036
1.1086 -0.083051
1.1473 -0.044396
