2.0526 0.023186
1.9183 0.023186
2.1868 0.15742
2.0526 0.15742
2.1868 0.29165
2.321 0.42589
2.1868 0.42589
2.321 0.56012
2.321 0.69435
2.4553 0.82859
2.321 0.82859
2.4553 0.96282
2.4553 1.0971
2.321 1.2313
2.321 1.3655
2.1868 1.4998
2.0526 1.634
1.9183 1.7682
1.7841 1.9025
1.6499 2.0367
1.5156 2.1709
1.3814 2.1709
1.2472 2.3052
1.1129 2.3052
-0.095184 2.3052
-0.22942 2.3052
-0.36365 2.3052
-0.49788 2.3052
-0.63212 2.3052
-0.63212 2.1709
-0.76635 2.1709
-0.76635 2.0367
-0.90058 2.0367
-0.90058 1.9025
-1.0348 1.9025
-1.0348 1.7682
-1.1691 1.634
-1.1691 1.4998
-1.3033 1.4998
-1.3033 1.3655
-1.4375 1.2313
-1.4375 1.0971
-1.5718 1.0971
-1.5718 0.96282
-1.706 0.96282
-1.706 0.82859
-1.706 0.69435
-1.8402 0.69435
-1.8402 0.56012
-1.8402 0.42589
-1.8402 0.29165
-1.8402 0.15742
-1.8402 0.023186
-1.8402 -0.11105
-1.8402 -0.24528
-1.8402 -0.37951
-1.8402 -0.51375
-1.8402 -0.64798
-1.706 -0.78221
-1.706 -0.91645
-1.706 -1.0507
-1.706 -1.1849
-1.706 -1.3191
-1.706 -1.4534
-1.706 -1.5876
-1.706 -1.7218
-1.5718 -1.8561
-1.5718 -1.9903
-1.4375 -2.1245
-1.3033 -2.1245
-1.1691 -2.1245
-1.1691 -2.2588
-1.0348 -2.1245
-0.90058 -1.9903
-0.90058 -2.1245
-0.76635 -1.8561
-0.76635 -1.9903
-0.63212 -1.8561
-0.49788 -1.7218
-0.49788 -1.8561
-0.36365 -1.5876
-0.36365 -1.7218
-0.22942 -1.5876
-0.095184 -1.4534
-0.095184 -1.5876
0.03905 -1.4534
0.17328 -1.4534
0.17328 -1.3191
0.30752 -1.3191
0.30752 -1.1849
0.44175 -1.1849
0.57598 -1.1849
0.57598 -1.0507
0.71022 -1.0507
0.84445 -1.0507
0.84445 -0.91645
0.97868 -0.91645
0.97868 -0.78221
1.1129 -0.78221
1.1129 -0.64798
1.2472 -0.64798
1.2472 -0.51375
1.3814 -0.51375
1.3814 -0.37951
1.5156 -0.37951
1.5156 -0.24528
1.6499 -0.24528
1.6499 -0.11105
1.7841 -0.11105
1.9183 -0.11105
