1.8112 0.013666
1.8112 0.090224
1.8112 0.14126
1.8112 0.1923
1.8112 0.24334
1.8112 0.3199
1.8112 0.37094
1.8112 0.42197
1.8367 0.47301
1.8367 0.54957
1.8367 0.60061
1.8367 0.65165
1.8367 0.70269
1.8367 0.77924
1.8367 0.83028
1.8367 0.88132
1.8622 0.93236
1.8622 1.0089
1.8622 1.06
1.8622 1.111
1.8622 1.162
1.8622 1.2386
1.8622 1.2896
1.8622 1.3407
1.8877 1.3917
1.8877 1.4172
1.8877 1.4427
1.8877 1.4683
1.8877 1.4938
1.8877 1.5193
1.8877 1.5448
1.8877 1.5703
1.8877 1.5959
1.8877 1.6214
1.8877 1.6469
1.8877 1.6724
1.8877 1.6979
1.8877 1.7235
1.8877 1.749
1.8877 1.7745
1.8877 1.8
1.8877 1.8255
1.8877 1.8511
1.8877 1.8766
1.8877 1.9021
1.8877 1.9276
1.8877 1.9531
1.8877 1.9786
1.8877 2.0042
1.8877 2.0297
1.8877 2.0552
1.8622 2.0807
1.8367 2.1062
1.8112 2.1318
1.7856 2.1573
1.7601 2.1573
1.7346 2.1573
1.7091 2.1573
1.6836 2.1573
1.6581 2.1573
1.6325 2.1573
1.607 2.1573
1.5815 2.1573
-0.15381 2.1062
-0.17933 2.1062
-0.20485 2.1062
-0.23037 2.1062
-0.25589 2.1062
-0.28141 2.1062
-0.30693 2.0807
-0.33245 2.0807
-0.35797 2.0807
-0.38349 2.0807
-0.40901 2.0807
-0.43452 2.0552
-0.46004 2.0552
-0.48556 2.0552
-0.51108 2.0552
-0.5366 2.0552
-0.5366 2.0297
-0.56212 2.0297
-0.58764 2.0297
-0.61316 2.0297
-0.63868 2.0297
-0.6642 2.0297
-0.68972 2.0042
-0.71524 2.0042
-0.74076 2.0042
-0.76627 2.0042
-0.79179 1.9786
-0.81731 1.9786
-0.84283 1.9786
-0.86835 1.9786
-0.89387 1.9786
-0.91939 1.9786
-0.91939 1.9531
-0.94491 1.9531
-0.97043 1.9531
-0.99595 1.9531
-1.0215 1.9531
-1.047 1.9276
-1.0725 1.9276
-1.098 1.9276
-1.1235 1.9276
-1.1491 1.9276
-1.1746 1.9021
-1.2001 1.9021
-1.2256 1.9021
-1.2511 1.9021
-1.2767 1.9021
-1.2767 1.8766
-1.3022 1.8766
-1.3277 1.8766
-1.3277 1.8511
-1.3532 1.8511
-1.3787 1.8511
-1.3787 1.8255
-1.4043 1.8255
-1.4043 1.8
-1.4298 1.8
-1.4298 1.7745
-1.4553 1.7745
-1.4553 1.749
-1.4553 1.7235
-1.4553 1.6979
-1.4553 1.6724
-1.4553 1.6469
-1.4553 1.6214
-1.4553 1.5959
-1.4553 1.5703
-1.4553 1.5448
-1.4553 1.5193
-1.4553 1.4938
-1.4553 1.4683
-1.4553 1.4427
-1.4553 1.4172
-1.4553 1.3917
-1.4553 1.3662
-1.4553 1.3407
-1.4553 1.3151
-1.4553 1.2896
-1.4553 1.2641
-1.4553 1.2386
-1.4553 1.2131
-1.4553 1.1876
-1.4553 1.162
-1.4553 1.111
-1.4553 1.0855
-1.4553 1.0344
-1.4553 0.9834
-1.4553 0.95788
-1.4553 0.90684
-1.4553 0.88132
-1.4553 0.83028
-1.4553 0.77924
-1.4553 0.75372
-1.4553 0.70269
-1.4553 0.67717
-1.4553 0.62613
-1.4553 0.57509
-1.4553 0.54957
-1.4553 0.49853
-1.4553 0.47301
-1.4553 0.42197
-1.4553 0.37094
-1.4553 0.34542
-1.4553 0.29438
-1.4553 0.26886
-1.4553 0.21782
-1.4553 0.16678
-1.4553 0.14126
-1.4553 0.090224
-1.4553 0.064705
-1.4553 0.013666
-1.4553 -0.037372
-1.4553 -0.062892
-1.4553 -0.11393
-1.4553 -0.13945
-1.4553 -0.19049
-1.4553 -0.24153
-1.4553 -0.26705
-1.4553 -0.31808
-1.4553 -0.3436
-1.4553 -0.39464
-1.4553 -0.44568
-1.4553 -0.4712
-1.4553 -0.52224
-1.4553 -0.54776
-1.4553 -0.5988
-1.4553 -0.64983
-1.4553 -0.67535
-1.4553 -0.72639
-1.4553 -0.75191
-1.4553 -0.80295
-1.4298 -0.85399
-1.4298 -0.87951
-1.4298 -0.90503
-1.4298 -0.93055
-1.4298 -0.95606
-1.4298 -0.98158
-1.4298 -1.0071
-1.4298 -1.0326
-1.4298 -1.0581
-1.4298 -1.0837
-1.4298 -1.1092
-1.4298 -1.1347
-1.4298 -1.1602
-1.4298 -1.1857
-1.4298 -1.2113
-1.4298 -1.2368
-1.4298 -1.2623
-1.4298 -1.2878
-1.4298 -1.3133
-1.4298 -1.3389
-1.4298 -1.3644
-1.4043 -1.3899
-1.4043 -1.4154
-1.4043 -1.4409
-1.4043 -1.4664
-1.3787 -1.4664
-1.3787 -1.492
-1.3787 -1.5175
-1.3787 -1.543
-1.3532 -1.5685
-1.3532 -1.594
-1.3277 -1.6196
-1.3022 -1.6451
-1.2767 -1.6706
-1.2511 -1.6706
-1.2256 -1.6961
-1.2001 -1.6961
-1.1746 -1.6706
-1.1491 -1.6706
-1.1235 -1.6706
-1.098 -1.6706
-1.047 -1.6706
-1.0215 -1.6706
-0.99595 -1.6706
-0.97043 -1.6706
-0.91939 -1.6706
-0.89387 -1.6706
-0.86835 -1.6706
-0.84283 -1.6706
-0.79179 -1.6706
-0.76627 -1.6706
-0.74076 -1.6706
-0.71524 -1.6706
-0.6642 -1.6706
-0.63868 -1.6706
-0.61316 -1.6706
-0.58764 -1.6706
-0.5366 -1.6706
-0.51108 -1.6706
-0.48556 -1.6706
-0.46004 -1.6706
-0.40901 -1.6706
-0.38349 -1.6706
-0.35797 -1.6706
-0.33245 -1.6706
-0.30693 -1.6706
-0.25589 -1.6706
-0.23037 -1.6706
-0.20485 -1.6706
-0.17933 -1.6706
-0.12829 -1.6706
-0.10277 -1.6706
-0.077255 -1.6706
-0.051736 -1.6706
-0.00069725 -1.6706
0.024822 -1.6706
0.050341 -1.6706
0.07586 -1.6706
0.1269 -1.6706
0.15242 -1.6706
0.17794 -1.6706
0.20346 -1.6706
0.2545 -1.6706
0.28001 -1.6706
0.30553 -1.6706
0.33105 -1.6706
0.38209 -1.6706
0.38209 -1.6451
0.40761 -1.6451
0.43313 -1.6451
0.45865 -1.6451
0.48417 -1.6451
0.50969 -1.6451
0.53521 -1.6451
0.56073 -1.6451
0.58625 -1.6451
0.61176 -1.6451
0.63728 -1.6451
0.6628 -1.6451
0.68832 -1.6451
0.71384 -1.6451
0.73936 -1.6451
0.76488 -1.6451
0.7904 -1.6451
0.81592 -1.6451
0.84144 -1.6451
0.86696 -1.6451
0.89248 -1.6451
0.918 -1.6451
0.94351 -1.6451
0.96903 -1.6451
0.99455 -1.6451
1.0201 -1.6451
1.0456 -1.6451
1.0711 -1.6451
1.0966 -1.6451
1.1221 -1.6451
1.1477 -1.6451
1.1732 -1.6451
1.1987 -1.6451
1.2242 -1.6451
1.2497 -1.6451
1.2753 -1.6451
1.3008 -1.6451
1.3263 -1.6451
1.3263 -1.6196
1.3518 -1.6196
1.3773 -1.6196
1.4029 -1.6196
1.4284 -1.6196
1.4539 -1.6196
1.4794 -1.6196
1.5049 -1.6196
1.5305 -1.6196
1.556 -1.6196
1.5815 -1.6196
1.607 -1.6196
1.607 -1.594
1.6325 -1.594
1.6581 -1.594
1.6581 -1.5685
1.6836 -1.5685
1.6836 -1.543
1.7091 -1.543
1.7091 -1.5175
1.7091 -1.492
1.7346 -1.492
1.7346 -1.4154
1.7346 -1.3644
1.7346 -1.3133
1.7346 -1.2368
1.7346 -1.1857
1.7346 -1.1347
1.7346 -1.0837
1.7346 -1.0071
1.7601 -0.95606
1.7601 -0.90503
1.7601 -0.85399
1.7601 -0.77743
1.7601 -0.72639
1.7601 -0.67535
1.7601 -0.62431
1.7601 -0.54776
1.7856 -0.49672
1.7856 -0.44568
1.7856 -0.39464
1.7856 -0.31808
1.7856 -0.26705
1.7856 -0.21601
1.7856 -0.16497
1.7856 -0.088411
1.8112 -0.037372
