1.7394 0.012959
1.7394 0.05326
1.7394 0.093562
1.7394 0.13386
1.7394 0.17416
1.7394 0.21447
1.7394 0.25477
1.7394 0.29507
1.7394 0.33537
1.7394 0.37567
1.7394 0.41597
1.6991 0.45627
1.6991 0.49658
1.6991 0.53688
1.6991 0.57718
1.6991 0.61748
1.6991 0.65778
1.6991 0.69808
1.6991 0.73838
1.6991 0.77869
1.6991 0.81899
1.6991 0.85929
1.6991 0.89959
1.6991 0.93989
1.6588 0.98019
1.6588 1.0205
1.6588 1.0608
1.6588 1.1011
1.6588 1.1414
1.6588 1.1817
1.6588 1.222
1.6588 1.2623
1.6588 1.3026
1.6588 1.3429
1.6588 1.3832
1.6588 1.4235
1.6185 1.4638
1.6185 1.5041
1.6185 1.5444
1.6185 1.5847
1.5782 1.625
1.5379 1.6653
1.4976 1.7056
1.4573 1.7459
1.417 1.7459
1.3767 1.7459
1.3364 1.7459
1.2961 1.7459
1.2558 1.7459
1.2155 1.7459
1.1752 1.7459
1.1349 1.7459
1.0946 1.7459
1.0543 1.7459
1.014 1.7459
0.97371 1.7459
0.93341 1.7459
0.89311 1.7459
0.85281 1.7459
0.81251 1.7459
0.77221 1.7459
0.73191 1.7459
0.6916 1.7459
0.6513 1.7459
0.611 1.7459
0.5707 1.7459
0.5304 1.7459
0.4901 1.7459
0.4498 1.7459
0.40949 1.7459
0.36919 1.7459
0.32889 1.7459
0.28859 1.7459
0.24829 1.7459
-0.033822 1.7056
-0.074124 1.7056
-0.11442 1.7056
-0.15473 1.7056
-0.19503 1.7056
-0.23533 1.7056
-0.27563 1.7056
-0.31593 1.7056
-0.35623 1.7056
-0.39654 1.7056
-0.43684 1.7056
-0.47714 1.7056
-0.51744 1.7056
-0.55774 1.7056
-0.59804 1.7056
-0.63834 1.7056
-0.67865 1.7056
-0.71895 1.7056
-0.75925 1.7056
-0.75925 1.6653
-0.79955 1.6653
-0.83985 1.6653
-0.88015 1.6653
-0.92045 1.6653
-0.96076 1.6653
-1.0011 1.6653
-1.0414 1.6653
-1.0817 1.6653
-1.122 1.6653
-1.1623 1.6653
-1.2026 1.6653
-1.2429 1.6653
-1.2832 1.6653
-1.3235 1.6653
-1.3638 1.6653
-1.4041 1.6653
-1.4444 1.6653
-1.4847 1.6653
-1.4847 1.625
-1.525 1.625
-1.5653 1.625
-1.6056 1.625
-1.6459 1.625
-1.6459 1.5847
-1.6862 1.5847
-1.7265 1.5444
-1.7265 1.5041
-1.7668 1.5041
-1.8071 1.4638
-1.8071 1.4235
-1.8071 1.3832
-1.8071 1.3429
-1.8071 1.3026
-1.8071 1.2623
-1.8071 1.222
-1.8071 1.1817
-1.8071 1.1414
-1.8071 1.1011
-1.8071 1.0608
-1.8071 1.0205
-1.8071 0.98019
-1.8071 0.93989
-1.8071 0.89959
-1.8071 0.85929
-1.8071 0.81899
-1.8071 0.77869
-1.8071 0.73838
-1.8071 0.69808
-1.8071 0.65778
-1.8071 0.61748
-1.8071 0.57718
-1.8071 0.53688
-1.8071 0.49658
-1.8071 0.45627
-1.8071 0.41597
-1.8071 0.37567
-1.8071 0.33537
-1.8071 0.29507
-1.8071 0.25477
-1.8071 0.21447
-1.8071 0.17416
-1.8071 0.093562
-1.8071 0.05326
-1.8071 0.012959
-1.7668 -0.027343
-1.7668 -0.067644
-1.7668 -0.10795
-1.7668 -0.14825
-1.7668 -0.18855
-1.7668 -0.22885
-1.7668 -0.26915
-1.7668 -0.34975
-1.7668 -0.39006
-1.7668 -0.43036
-1.7668 -0.47066
-1.7668 -0.51096
-1.7265 -0.55126
-1.7265 -0.59156
-1.7265 -0.63186
-1.7265 -0.67217
-1.7265 -0.71247
-1.7265 -0.79307
-1.7265 -0.83337
-1.7265 -0.87367
-1.7265 -0.91397
-1.7265 -0.95428
-1.7265 -0.99458
-1.7265 -1.0349
-1.7265 -1.0752
-1.6862 -1.1155
-1.6862 -1.1558
-1.6862 -1.2364
-1.6862 -1.2767
-1.6862 -1.317
-1.6862 -1.3573
-1.6862 -1.3976
-1.6862 -1.4379
-1.6862 -1.4782
-1.6862 -1.5185
-1.6862 -1.5588
-1.6862 -1.5991
-1.6459 -1.6797
-1.6459 -1.72
-1.6056 -1.7603
-1.5653 -1.8006
-1.525 -1.8409
-1.4847 -1.8409
-1.4444 -1.8812
-1.4041 -1.8812
-1.3638 -1.8812
-1.3235 -1.8812
-1.2832 -1.8812
-1.2429 -1.8812
-1.2026 -1.8812
-1.1623 -1.8812
-1.122 -1.8812
-1.0817 -1.8812
-1.0414 -1.8812
-1.0011 -1.8812
-0.96076 -1.8409
-0.92045 -1.8409
-0.88015 -1.8409
-0.79955 -1.8409
-0.75925 -1.8409
-0.71895 -1.8409
-0.67865 -1.8409
-0.59804 -1.8409
-0.55774 -1.8409
-0.51744 -1.8409
-0.47714 -1.8409
-0.39654 -1.8409
-0.35623 -1.8006
-0.31593 -1.8006
-0.27563 -1.8006
-0.19503 -1.8006
-0.15473 -1.8006
-0.11442 -1.8006
-0.074124 -1.8006
0.0064793 -1.8006
0.046781 -1.8006
0.087082 -1.8006
0.12738 -1.8006
0.20799 -1.8006
0.24829 -1.8006
0.28859 -1.7603
0.36919 -1.7603
0.40949 -1.7603
0.4498 -1.7603
0.4901 -1.7603
0.5707 -1.7603
0.611 -1.7603
0.6513 -1.7603
0.6916 -1.7603
0.77221 -1.7603
0.81251 -1.7603
0.85281 -1.7603
0.89311 -1.72
0.97371 -1.72
1.014 -1.72
1.0543 -1.72
1.0946 -1.72
1.1752 -1.72
1.2155 -1.72
1.2558 -1.72
1.2961 -1.72
1.3767 -1.72
1.417 -1.72
1.4573 -1.72
1.5379 -1.72
1.5379 -1.6797
1.5782 -1.6797
1.6185 -1.6797
1.6588 -1.6797
1.6991 -1.6797
1.6991 -1.6394
1.7394 -1.5991
1.7797 -1.5991
1.7797 -1.5588
1.82 -1.5185
1.8603 -1.5185
1.8603 -1.4782
1.8603 -1.4379
1.8603 -1.3976
1.8603 -1.3573
1.8603 -1.317
1.8603 -1.2767
1.8603 -1.2364
1.8603 -1.1961
1.8603 -1.1558
1.8603 -1.1155
1.8603 -1.0752
1.82 -1.0349
1.82 -0.99458
1.82 -0.95428
1.82 -0.91397
1.82 -0.87367
1.82 -0.83337
1.82 -0.79307
1.82 -0.75277
1.82 -0.71247
1.82 -0.67217
1.82 -0.63186
1.82 -0.59156
1.7797 -0.55126
1.7797 -0.51096
1.7797 -0.47066
1.7797 -0.43036
1.7797 -0.39006
1.7797 -0.34975
1.7797 -0.30945
1.7797 -0.26915
1.7797 -0.22885
1.7797 -0.18855
1.7797 -0.14825
1.7797 -0.10795
1.7797 -0.067644
1.7394 -0.027343
