1.1126 0.00089165
1.1358 0.024149
1.1591 0.047406
1.1823 0.070663
1.2056 0.093921
1.2288 0.11718
1.2521 0.14044
1.2754 0.16369
1.2986 0.18695
1.3219 0.21021
1.3684 0.23346
1.3451 0.23346
1.3684 0.25672
1.3916 0.27998
1.4149 0.30324
1.4382 0.32649
1.4614 0.34975
1.4614 0.37301
1.4847 0.39626
1.5079 0.41952
1.5312 0.44278
1.5544 0.46604
1.5544 0.48929
1.5777 0.51255
1.601 0.53581
1.6242 0.55907
1.6475 0.58232
1.6475 0.60558
1.6707 0.62884
1.694 0.65209
1.7172 0.67535
1.7405 0.69861
1.7405 0.72187
1.7638 0.74512
1.787 0.76838
1.8335 0.79164
1.8103 0.79164
1.8335 0.81489
1.8568 0.83815
1.88 0.86141
1.9033 0.88467
1.9266 0.90792
1.9266 0.93118
1.9498 0.95444
1.9731 0.9777
1.9963 1.001
2.0196 1.0242
2.0196 1.0475
2.0428 1.0707
2.0661 1.094
2.0894 1.1172
2.1126 1.1405
2.1126 1.1638
2.1359 1.187
2.1591 1.2103
2.1824 1.2335
2.2056 1.2568
2.2056 1.28
2.2289 1.3033
2.2987 1.3498
2.2522 1.3266
2.2754 1.3498
2.2987 1.3731
2.2987 1.3963
2.2754 1.4196
2.2754 1.4428
2.2522 1.4661
2.2522 1.4894
2.2289 1.5126
2.2289 1.5359
2.2056 1.5591
2.2056 1.5824
2.1824 1.5824
2.1824 1.6056
2.1824 1.6289
2.1591 1.6289
2.1591 1.6522
2.1591 1.6754
2.1359 1.6754
2.1359 1.6987
2.1359 1.7219
2.1126 1.7219
2.1126 1.7452
2.0894 1.7684
2.0894 1.7917
2.0661 1.815
2.0661 1.8382
2.0428 1.8615
2.0196 1.8847
1.9963 1.908
1.9731 1.9312
1.9498 1.9312
1.9266 1.9545
1.9033 1.9545
1.88 1.9778
1.8568 1.9778
1.8568 2.001
1.8335 2.001
1.8103 2.001
1.8103 2.0243
1.787 2.0243
1.7638 2.0243
1.7638 2.0475
1.7405 2.0475
1.7172 2.0475
1.7172 2.0708
1.694 2.0708
1.6707 2.094
1.6475 2.094
1.6242 2.1173
1.601 2.1173
1.5777 2.1406
1.5544 2.1406
1.5312 2.1406
1.5079 2.1406
-2.0737 2.1406
-2.0969 2.1406
-2.1202 2.1173
-2.1202 2.094
-2.1435 2.094
-2.1667 2.0708
-2.1667 2.0475
-2.1667 1.9778
-2.1667 1.908
-2.1667 1.8382
-2.1667 1.7684
-2.1667 1.6987
-2.1667 1.6289
-2.1667 1.5591
-2.1667 1.4894
-2.1667 1.3963
-2.1667 1.3266
-2.1667 1.2568
-2.1667 1.187
-2.1667 1.1172
-2.1667 1.0475
-2.1667 0.9777
-2.1667 0.90792
-2.1667 0.81489
-2.1667 0.74512
-2.1667 0.67535
-2.1667 0.60558
-2.1667 0.53581
-2.1667 0.46604
-2.1667 0.39626
-2.1667 0.32649
-2.1667 0.23346
-2.1667 0.16369
-2.1667 0.093921
-2.1667 0.024149
-2.1667 -0.045623
-2.1667 -0.11539
-2.1667 -0.18517
-2.1667 -0.25494
-2.1667 -0.32471
-2.1667 -0.41774
-2.1667 -0.48751
-2.1667 -0.55728
-2.1667 -0.62705
-2.1667 -0.69683
-2.1667 -0.7666
-2.1667 -0.83637
-2.1667 -0.90614
-2.1667 -0.99917
-2.1667 -1.0689
-2.1667 -1.1387
-2.1667 -1.2085
-2.1667 -1.2783
-2.1667 -1.348
-2.1667 -1.4178
-2.1667 -1.4876
-2.1667 -1.5806
-2.1667 -1.6039
-2.1435 -1.6271
-2.1202 -1.6504
-2.0969 -1.6736
-2.0737 -1.6969
-2.0504 -1.6969
-2.0504 -1.7201
-2.0272 -1.7201
-2.0272 -1.7434
-2.0039 -1.7434
-1.9807 -1.7667
-1.9574 -1.7667
-1.9341 -1.7899
-1.9109 -1.7899
-1.8644 -1.7667
-1.8876 -1.7899
-1.8411 -1.7667
-1.8644 -1.7899
-1.7946 -1.7434
-1.8179 -1.7667
-1.7481 -1.7201
-1.7713 -1.7434
-1.7946 -1.7667
-1.7248 -1.7201
-1.7481 -1.7434
-1.7016 -1.7201
-1.6783 -1.6969
-1.6783 -1.7201
-1.6551 -1.6969
-1.6318 -1.6736
-1.6318 -1.6969
-1.6085 -1.6736
-1.5853 -1.6736
-1.562 -1.6504
-1.562 -1.6736
-1.5388 -1.6504
-1.5155 -1.6271
-1.5155 -1.6504
-1.4923 -1.6271
-1.469 -1.6271
-1.4457 -1.6039
-1.4457 -1.6271
-1.4225 -1.6039
-1.3992 -1.5806
-1.3992 -1.6039
-1.376 -1.5806
-1.3527 -1.5806
-1.3295 -1.5573
-1.3295 -1.5806
-1.3062 -1.5573
-1.2829 -1.5573
-1.2597 -1.5573
-1.2364 -1.5341
-1.2132 -1.5108
-1.1899 -1.5108
-1.1434 -1.4876
-1.1201 -1.4876
-1.0969 -1.4643
-1.0504 -1.4411
-1.0271 -1.4411
-1.0039 -1.4178
-0.95734 -1.4178
-0.93408 -1.3945
-0.91082 -1.3713
-0.88756 -1.3713
-0.84105 -1.348
-0.81779 -1.348
-0.79454 -1.3248
-0.74802 -1.3015
-0.72476 -1.3015
-0.70151 -1.2783
-0.65499 -1.2783
-0.63173 -1.255
-0.60848 -1.2317
-0.58522 -1.2317
-0.53871 -1.2085
-0.51545 -1.2085
-0.49219 -1.1852
-0.44568 -1.162
-0.42242 -1.162
-0.39916 -1.1387
-0.35265 -1.1387
-0.32939 -1.1155
-0.30613 -1.0922
-0.28288 -1.0922
-0.23636 -1.0689
-0.2131 -1.0689
-0.18985 -1.0457
-0.14333 -1.0224
-0.12008 -1.0224
-0.096818 -0.99917
-0.050304 -0.99917
-0.027047 -0.97591
-0.0037895 -0.95265
0.019468 -0.95265
0.065982 -0.9294
0.089239 -0.9294
0.1125 -0.90614
0.15901 -0.88288
0.18227 -0.88288
0.20553 -0.85963
0.25204 -0.85963
0.25204 -0.83637
0.2753 -0.83637
0.29855 -0.83637
0.29855 -0.81311
0.32181 -0.78985
0.34507 -0.7666
0.36833 -0.74334
0.39158 -0.72008
0.41484 -0.69683
0.4381 -0.67357
0.46135 -0.65031
0.48461 -0.62705
0.50787 -0.6038
0.53113 -0.58054
0.55438 -0.55728
0.57764 -0.53402
0.6009 -0.51077
0.62416 -0.48751
0.64741 -0.46425
0.67067 -0.441
0.69393 -0.41774
0.71718 -0.39448
0.74044 -0.37122
0.7637 -0.34797
0.78696 -0.32471
0.81021 -0.30145
0.83347 -0.30145
0.83347 -0.2782
0.85673 -0.25494
0.87999 -0.23168
0.90324 -0.20842
0.9265 -0.18517
0.94976 -0.16191
0.97301 -0.13865
0.99627 -0.11539
1.0195 -0.092137
1.0428 -0.06888
1.066 -0.045623
1.0893 -0.022366
