1.4566 0.051774
1.4566 0.14206
1.4566 0.23235
1.4566 0.32264
1.4566 0.41293
1.3663 0.50322
1.3663 0.5935
1.3663 0.68379
1.3663 0.77408
1.3663 0.86437
1.3663 0.95466
1.3663 1.0449
1.3663 1.1352
1.3663 1.2255
1.276 1.2255
1.276 1.3158
1.276 1.4061
1.276 1.4964
1.276 1.5867
1.276 1.677
1.276 1.7673
1.276 1.8575
1.276 1.9478
1.1857 2.0381
1.1857 2.1284
1.0955 2.2187
1.0052 2.309
0.91488 2.3993
0.82459 2.4896
0.7343 2.5799
0.64402 2.6701
-0.25887 2.3993
-0.34916 2.3993
-0.43945 2.3993
-0.52973 2.3993
-0.62002 2.3993
-0.71031 2.3993
-0.8006 2.3993
-0.89089 2.3993
-0.98118 2.3993
-0.98118 2.309
-1.0715 2.309
-1.1618 2.309
-1.1618 2.2187
-1.252 2.2187
-1.3423 2.1284
-1.3423 2.0381
-1.4326 2.0381
-1.5229 1.9478
-1.5229 1.8575
-1.5229 1.7673
-1.5229 1.677
-1.5229 1.5867
-1.5229 1.4964
-1.5229 1.4061
-1.5229 1.3158
-1.5229 1.2255
-1.5229 1.1352
-1.5229 1.0449
-1.5229 0.95466
-1.5229 0.86437
-1.5229 0.77408
-1.5229 0.68379
-1.5229 0.5935
-1.5229 0.50322
-1.5229 0.41293
-1.5229 0.32264
-1.5229 0.23235
-1.5229 0.14206
-1.5229 0.051774
-1.5229 -0.038515
-1.4326 -0.1288
-1.4326 -0.21909
-1.4326 -0.30938
-1.4326 -0.39967
-1.4326 -0.48996
-1.4326 -0.58025
-1.3423 -0.67053
-1.3423 -0.76082
-1.3423 -0.85111
-1.3423 -0.9414
-1.3423 -1.0317
-1.3423 -1.122
-1.252 -1.2123
-1.252 -1.3026
-1.252 -1.3928
-1.252 -1.4831
-1.252 -1.5734
-1.1618 -1.6637
-1.1618 -1.754
-1.0715 -1.8443
-0.98118 -1.9346
-0.89089 -2.0249
-0.8006 -2.1152
-0.71031 -2.2054
-0.62002 -2.2054
-0.52973 -2.2054
-0.43945 -2.2054
-0.34916 -2.2054
-0.25887 -2.2054
-0.16858 -2.1152
-0.16858 -2.2054
-0.078292 -2.1152
0.011996 -2.1152
0.10228 -2.1152
0.19257 -2.1152
0.28286 -2.1152
0.37315 -2.1152
0.37315 -2.0249
0.46344 -2.0249
0.55373 -2.0249
0.64402 -2.0249
0.7343 -2.0249
0.82459 -2.0249
0.91488 -2.0249
1.0052 -2.0249
1.0052 -1.9346
1.0955 -1.9346
1.1857 -1.9346
1.1857 -1.8443
1.276 -1.8443
1.3663 -1.8443
1.3663 -1.754
1.3663 -1.6637
1.4566 -1.6637
1.4566 -1.5734
1.4566 -1.4831
1.4566 -1.3928
1.4566 -1.3026
1.4566 -1.2123
1.4566 -1.122
1.4566 -1.0317
1.4566 -0.9414
1.4566 -0.85111
1.4566 -0.76082
1.4566 -0.67053
1.4566 -0.58025
1.4566 -0.48996
1.4566 -0.39967
1.4566 -0.30938
1.4566 -0.21909
1.4566 -0.1288
1.4566 -0.038515
