1.721 0.014474
1.721 0.056992
1.721 0.099511
1.721 0.14203
1.721 0.18455
1.6785 0.22706
1.6785 0.26958
1.6785 0.3121
1.6785 0.35462
1.6785 0.39714
1.6785 0.43966
1.6785 0.48217
1.6785 0.52469
1.6785 0.56721
1.6785 0.60973
1.6785 0.65225
1.6785 0.69476
1.6785 0.73728
1.6785 0.7798
1.6785 0.82232
1.6785 0.86484
1.6785 0.90735
1.6785 0.94987
1.6785 0.99239
1.636 1.0349
1.636 1.0774
1.636 1.1199
1.636 1.1625
1.5935 1.1625
1.5935 1.205
1.5935 1.2475
1.5935 1.29
1.5935 1.3325
1.5509 1.3325
1.5509 1.3751
1.5509 1.4176
1.5509 1.4601
1.5084 1.5026
1.5084 1.5451
1.5084 1.5876
1.5084 1.6302
1.4659 1.6302
1.4659 1.6727
1.4659 1.7152
1.4659 1.7577
1.4234 1.8002
1.3809 1.8428
1.3384 1.8853
1.2958 1.9278
1.2533 1.9278
1.2108 1.9278
1.1683 1.9278
1.1258 1.9278
1.0832 1.9278
1.0407 1.9278
0.99821 1.9278
0.95569 1.9278
0.91317 1.9278
0.87065 1.9278
0.82813 1.9278
0.78562 1.9278
0.7431 1.9278
0.70058 1.9278
0.65806 1.9278
0.61554 1.9278
0.57303 1.9278
0.53051 1.8853
0.53051 1.9278
0.48799 1.8853
0.44547 1.8853
0.40295 1.8853
0.36043 1.8853
0.31792 1.8853
0.2754 1.8853
0.23288 1.8853
0.19036 1.8853
0.14784 1.8853
0.10533 1.8853
0.062808 1.8428
0.062808 1.8853
0.02029 1.8428
0.02029 1.8853
-0.022228 1.8853
-0.022228 1.8428
-0.064746 1.8428
-0.10726 1.8428
-0.14978 1.8428
-0.1923 1.8428
-0.23482 1.8428
-0.27734 1.8428
-0.31986 1.8428
-0.36237 1.8428
-0.36237 1.8002
-0.40489 1.8002
-0.44741 1.8002
-0.48993 1.8002
-0.53245 1.8002
-0.57496 1.8002
-0.61748 1.8002
-0.66 1.8002
-0.70252 1.8002
-0.74504 1.8002
-0.78755 1.7577
-0.83007 1.7577
-0.87259 1.7577
-0.91511 1.7577
-0.95763 1.7577
-1.0001 1.7577
-1.0427 1.7577
-1.0852 1.7577
-1.1277 1.7577
-1.1702 1.7152
-1.2127 1.7152
-1.2553 1.7152
-1.2978 1.7152
-1.3403 1.7152
-1.3828 1.7152
-1.4253 1.7152
-1.4678 1.7152
-1.5104 1.7152
-1.5104 1.6727
-1.5529 1.6727
-1.5954 1.6727
-1.5954 1.6302
-1.6379 1.6302
-1.6379 1.5876
-1.6804 1.5876
-1.6804 1.5451
-1.723 1.5451
-1.723 1.5026
-1.723 1.4601
-1.723 1.4176
-1.723 1.3751
-1.723 1.3325
-1.723 1.29
-1.723 1.2475
-1.723 1.205
-1.723 1.1625
-1.723 1.1199
-1.723 1.0774
-1.723 1.0349
-1.723 0.99239
-1.723 0.94987
-1.723 0.90735
-1.723 0.86484
-1.723 0.82232
-1.723 0.7798
-1.723 0.73728
-1.723 0.69476
-1.723 0.65225
-1.723 0.60973
-1.723 0.56721
-1.723 0.52469
-1.723 0.48217
-1.723 0.43966
-1.723 0.39714
-1.723 0.35462
-1.723 0.3121
-1.723 0.26958
-1.723 0.22706
-1.723 0.18455
-1.723 0.14203
-1.723 0.099511
-1.723 0.056992
-1.723 0.014474
-1.723 -0.028044
-1.723 -0.070562
-1.723 -0.11308
-1.723 -0.1556
-1.723 -0.19812
-1.723 -0.24063
-1.723 -0.28315
-1.723 -0.32567
-1.723 -0.36819
-1.723 -0.41071
-1.723 -0.45323
-1.723 -0.49574
-1.723 -0.53826
-1.723 -0.58078
-1.723 -0.6233
-1.723 -0.66582
-1.723 -0.70833
-1.723 -0.75085
-1.723 -0.79337
-1.723 -0.83589
-1.723 -0.87841
-1.723 -0.92092
-1.723 -0.96344
-1.723 -1.006
-1.723 -1.0485
-1.723 -1.091
-1.6804 -1.1335
-1.6804 -1.176
-1.6804 -1.2186
-1.6804 -1.2611
-1.6804 -1.3036
-1.6804 -1.3461
-1.6804 -1.3886
-1.6804 -1.4311
-1.6804 -1.4737
-1.6804 -1.5162
-1.6804 -1.5587
-1.6804 -1.6012
-1.6804 -1.6437
-1.6379 -1.6863
-1.5954 -1.7288
-1.5529 -1.7713
-1.5104 -1.8138
-1.4678 -1.8563
-1.4253 -1.8563
-1.3828 -1.8563
-1.3403 -1.8563
-1.2978 -1.8563
-1.2553 -1.8563
-1.2127 -1.8563
-1.1702 -1.8563
-1.1277 -1.8563
-1.0852 -1.8563
-1.0427 -1.8563
-1.0001 -1.8563
-1.0001 -1.8988
-0.95763 -1.8988
-0.91511 -1.8988
-0.87259 -1.8988
-0.83007 -1.8988
-0.78755 -1.8988
-0.74504 -1.8988
-0.70252 -1.8988
-0.66 -1.8988
-0.61748 -1.8988
-0.57496 -1.8988
-0.53245 -1.8988
-0.48993 -1.9414
-0.44741 -1.9414
-0.40489 -1.9414
-0.36237 -1.8988
-0.36237 -1.9414
-0.31986 -1.8988
-0.27734 -1.8988
-0.23482 -1.8988
-0.1923 -1.8988
-0.14978 -1.8988
-0.10726 -1.8988
-0.064746 -1.8988
-0.022228 -1.8988
0.02029 -1.8988
0.062808 -1.8988
0.10533 -1.8988
0.14784 -1.8988
0.19036 -1.8988
0.23288 -1.8563
0.2754 -1.8563
0.31792 -1.8563
0.36043 -1.8563
0.40295 -1.8563
0.44547 -1.8563
0.48799 -1.8563
0.53051 -1.8563
0.57303 -1.8563
0.61554 -1.8563
0.65806 -1.8563
0.70058 -1.8563
0.7431 -1.8563
0.78562 -1.8563
0.78562 -1.8138
0.82813 -1.8138
0.87065 -1.8138
0.91317 -1.8138
0.91317 -1.7713
0.95569 -1.7713
0.99821 -1.7713
1.0407 -1.7713
1.0832 -1.7713
1.0832 -1.7288
1.1258 -1.7288
1.1683 -1.7288
1.2108 -1.7288
1.2533 -1.7288
1.2533 -1.6863
1.2958 -1.6863
1.3384 -1.6863
1.3809 -1.6863
1.4234 -1.6863
1.4234 -1.6437
1.4659 -1.6437
1.5084 -1.6437
1.5084 -1.6012
1.5509 -1.5587
1.5935 -1.5587
1.5935 -1.5162
1.636 -1.5162
1.636 -1.4737
1.636 -1.4311
1.6785 -1.4311
1.6785 -1.3886
1.721 -1.3886
1.721 -1.3461
1.721 -1.3036
1.7635 -1.3036
1.7635 -1.2611
1.7635 -1.2186
1.7635 -1.176
1.7635 -1.1335
1.7635 -1.091
1.7635 -1.0485
1.7635 -1.006
1.7635 -0.96344
1.7635 -0.92092
1.7635 -0.87841
1.7635 -0.83589
1.7635 -0.79337
1.7635 -0.75085
1.7635 -0.70833
1.7635 -0.66582
1.7635 -0.6233
1.721 -0.58078
1.721 -0.53826
1.721 -0.49574
1.721 -0.45323
1.721 -0.41071
1.721 -0.36819
1.721 -0.32567
1.721 -0.28315
1.721 -0.24063
1.721 -0.19812
1.721 -0.1556
1.721 -0.11308
1.721 -0.070562
1.721 -0.028044
