1.8362 0.070622
1.8362 0.29426
1.8362 0.51789
1.8362 0.74153
1.6125 0.96517
1.6125 1.1888
1.3889 1.4124
1.1653 1.6361
0.94162 1.8597
0.71799 2.0833
0.49435 2.0833
0.27072 2.307
0.047081 2.307
-0.62383 2.0833
-0.84746 2.0833
-1.0711 2.0833
-1.0711 1.8597
-1.2947 1.8597
-1.2947 1.6361
-1.5184 1.6361
-1.5184 1.4124
-1.742 1.4124
-1.742 1.1888
-1.742 0.96517
-1.742 0.74153
-1.742 0.51789
-1.742 0.29426
-1.742 0.070622
-1.742 -0.15301
-1.742 -0.37665
-1.742 -0.60029
-1.742 -0.82392
-1.742 -1.0476
-1.5184 -1.2712
-1.2947 -1.4948
-1.0711 -1.7185
-0.84746 -1.7185
-0.62383 -1.9421
-0.40019 -1.9421
-0.17655 -1.9421
0.047081 -1.9421
0.27072 -1.9421
0.49435 -1.9421
0.71799 -1.9421
0.71799 -1.7185
0.94162 -1.7185
1.1653 -1.7185
1.1653 -1.4948
1.3889 -1.4948
1.3889 -1.2712
1.6125 -1.2712
1.6125 -1.0476
1.6125 -0.82392
1.8362 -0.82392
1.8362 -0.60029
1.8362 -0.37665
1.8362 -0.15301
