1.6933 0.0013645
1.6933 0.13099
1.6933 0.26062
1.6933 0.39025
1.6933 0.51987
1.6933 0.6495
1.6933 0.77913
1.6933 0.90876
1.6933 1.0384
1.6933 1.168
1.6933 1.2976
1.6933 1.4273
1.6933 1.5569
1.5637 1.6865
1.5637 1.8162
1.4341 1.9458
1.3045 2.0754
1.1748 2.205
1.0452 2.205
0.91558 2.3347
0.78595 2.3347
-0.51032 2.205
-0.63995 2.205
-0.76958 2.205
-0.89921 2.205
-1.0288 2.205
-1.1585 2.205
-1.1585 2.0754
-1.2881 2.0754
-1.4177 1.9458
-1.4177 1.8162
-1.5473 1.8162
-1.677 1.6865
-1.677 1.5569
-1.677 1.4273
-1.677 1.2976
-1.677 1.168
-1.677 1.0384
-1.677 0.90876
-1.677 0.77913
-1.677 0.6495
-1.677 0.51987
-1.677 0.39025
-1.677 0.26062
-1.677 0.13099
-1.677 0.0013645
-1.677 -0.12826
-1.677 -0.25789
-1.677 -0.38752
-1.677 -0.51715
-1.677 -0.64677
-1.677 -0.7764
-1.677 -0.90603
-1.677 -1.0357
-1.677 -1.1653
-1.677 -1.2949
-1.5473 -1.4245
-1.4177 -1.5542
-1.2881 -1.6838
-1.1585 -1.6838
-1.0288 -1.8134
-0.89921 -1.6838
-0.89921 -1.8134
-0.76958 -1.6838
-0.63995 -1.6838
-0.51032 -1.6838
-0.3807 -1.6838
-0.25107 -1.6838
-0.12144 -1.6838
0.008187 -1.6838
0.13781 -1.6838
0.26744 -1.6838
0.39707 -1.6838
0.5267 -1.6838
0.65632 -1.6838
0.78595 -1.6838
0.91558 -1.6838
1.0452 -1.6838
1.1748 -1.6838
1.1748 -1.5542
1.3045 -1.5542
1.4341 -1.5542
1.4341 -1.4245
1.5637 -1.4245
1.5637 -1.2949
1.5637 -1.1653
1.6933 -1.1653
1.6933 -1.0357
1.6933 -0.90603
1.6933 -0.7764
1.6933 -0.64677
1.6933 -0.51715
1.6933 -0.38752
1.6933 -0.25789
1.6933 -0.12826
