1.4698 0.029294
1.4698 0.15666
1.4698 0.28403
1.4698 0.41139
1.4698 0.53876
1.4698 0.66613
1.4698 0.79349
1.4698 0.92086
1.4698 1.0482
1.4698 1.1756
1.4698 1.303
1.3424 1.4303
1.3424 1.5577
1.3424 1.6851
1.2151 1.8124
1.2151 1.9398
1.0877 2.0672
0.96034 2.1945
0.83298 2.3219
0.70561 2.3219
0.57824 2.4493
0.45088 2.4493
-0.058589 2.3219
-0.18595 2.3219
-0.31332 2.3219
-0.44069 2.3219
-0.56805 2.3219
-0.69542 2.3219
-0.82279 2.3219
-0.95015 2.3219
-0.95015 2.1945
-1.0775 2.1945
-1.2049 2.0672
-1.2049 1.9398
-1.3323 1.9398
-1.4596 1.8124
-1.4596 1.6851
-1.4596 1.5577
-1.4596 1.4303
-1.4596 1.303
-1.4596 1.1756
-1.4596 1.0482
-1.4596 0.92086
-1.4596 0.79349
-1.4596 0.66613
-1.4596 0.53876
-1.4596 0.41139
-1.4596 0.28403
-1.4596 0.15666
-1.4596 0.029294
-1.4596 -0.098072
-1.4596 -0.22544
-1.4596 -0.3528
-1.4596 -0.48017
-1.4596 -0.60754
-1.4596 -0.7349
-1.4596 -0.86227
-1.4596 -0.98964
-1.4596 -1.117
-1.4596 -1.2444
-1.3323 -1.3717
-1.3323 -1.4991
-1.2049 -1.6265
-1.2049 -1.7538
-1.0775 -1.8812
-0.95015 -2.0086
-0.82279 -2.1359
-0.69542 -2.1359
-0.56805 -2.2633
-0.44069 -2.2633
-0.31332 -2.2633
-0.18595 -2.2633
-0.058589 -2.2633
0.068778 -2.2633
0.19614 -2.2633
0.19614 -2.1359
0.32351 -2.1359
0.45088 -2.1359
0.57824 -2.1359
0.70561 -2.1359
0.83298 -2.1359
0.96034 -2.1359
0.96034 -2.0086
1.0877 -1.8812
1.2151 -1.8812
1.2151 -1.7538
1.3424 -1.6265
1.4698 -1.6265
1.4698 -1.4991
1.4698 -1.3717
1.4698 -1.2444
1.4698 -1.117
1.4698 -0.98964
1.4698 -0.86227
1.4698 -0.7349
1.4698 -0.60754
1.4698 -0.48017
1.4698 -0.3528
1.4698 -0.22544
1.4698 -0.098072
