1.4847 0.045282
1.4847 0.14804
1.4847 0.25079
1.4847 0.35355
1.4847 0.4563
1.4847 0.55906
1.4847 0.66181
1.4847 0.76457
1.4847 0.86733
1.4847 0.97008
1.4847 1.0728
1.4847 1.1756
1.382 1.2783
1.382 1.3811
1.382 1.4839
1.382 1.5866
1.382 1.6894
1.382 1.7921
1.382 1.8949
1.382 1.9976
1.382 2.1004
1.2792 2.2031
1.1765 2.3059
1.0737 2.4087
0.97095 2.5114
0.8682 2.6142
0.76544 2.7169
0.66269 2.8197
0.55993 2.9224
-0.9814 2.5114
-1.0842 2.5114
-1.1869 2.4087
-1.1869 2.3059
-1.2897 2.3059
-1.3924 2.2031
-1.3924 2.1004
-1.4952 2.1004
-1.4952 1.9976
-1.4952 1.8949
-1.4952 1.7921
-1.4952 1.6894
-1.4952 1.5866
-1.4952 1.4839
-1.4952 1.3811
-1.4952 1.2783
-1.4952 1.1756
-1.4952 1.0728
-1.4952 0.97008
-1.4952 0.86733
-1.4952 0.76457
-1.4952 0.66181
-1.4952 0.55906
-1.4952 0.4563
-1.4952 0.35355
-1.4952 0.25079
-1.4952 0.14804
-1.4952 0.045282
-1.4952 -0.057473
-1.4952 -0.16023
-1.4952 -0.26298
-1.4952 -0.36574
-1.4952 -0.46849
-1.4952 -0.57125
-1.4952 -0.67401
-1.4952 -0.77676
-1.4952 -0.87952
-1.4952 -0.98227
-1.4952 -1.085
-1.4952 -1.1878
-1.4952 -1.2905
-1.4952 -1.3933
-1.4952 -1.496
-1.3924 -1.5988
-1.2897 -1.7016
-1.1869 -1.8043
-1.0842 -1.9071
-0.9814 -2.0098
-0.87865 -2.0098
-0.77589 -2.0098
-0.67313 -2.0098
-0.57038 -2.0098
-0.46762 -2.0098
-0.36487 -2.0098
-0.26211 -2.0098
-0.15936 -2.0098
-0.056603 -2.0098
0.046153 -2.0098
0.14891 -2.0098
0.25166 -2.0098
0.25166 -1.9071
0.35442 -1.9071
0.45717 -1.9071
0.55993 -1.9071
0.66269 -1.9071
0.76544 -1.9071
0.8682 -1.9071
0.97095 -1.9071
1.0737 -1.9071
1.0737 -1.8043
1.1765 -1.7016
1.2792 -1.7016
1.2792 -1.5988
1.382 -1.496
1.4847 -1.496
1.4847 -1.3933
1.4847 -1.2905
1.4847 -1.1878
1.4847 -1.085
1.4847 -0.98227
1.4847 -0.87952
1.4847 -0.77676
1.4847 -0.67401
1.4847 -0.57125
1.4847 -0.46849
1.4847 -0.36574
1.4847 -0.26298
1.4847 -0.16023
1.4847 -0.057473
