375 245
375 246
375 247
375 248
375 249
375 250
375 251
375 252
375 253
375 254
375 255
375 256
375 257
375 258
375 259
375 260
375 261
375 262
375 263
375 264
375 265
375 266
375 267
375 268
375 269
375 270
375 271
375 272
375 273
375 274
375 275
375 276
375 277
375 278
375 279
375 280
375 281
375 282
375 283
375 284
375 285
375 286
375 287
375 288
375 289
375 290
375 291
375 292
375 293
376 229
376 230
376 231
376 232
376 233
376 234
376 235
376 236
376 237
376 238
376 239
376 240
376 241
376 242
376 243
376 244
376 245
376 294
377 228
377 229
377 295
378 227
378 296
379 226
379 227
379 296
380 225
380 297
381 225
381 297
382 225
382 297
383 225
383 297
384 225
384 297
385 225
385 297
386 225
386 297
387 225
387 298
388 225
388 298
389 225
389 298
390 225
390 298
391 225
391 298
392 225
392 298
393 225
393 298
394 225
394 298
395 225
395 298
396 225
396 298
397 225
397 298
398 298
399 298
400 298
401 298
402 298
403 298
404 299
405 299
406 299
407 299
408 299
409 299
410 299
411 299
412 299
413 299
414 226
414 299
415 226
415 299
416 226
416 299
417 226
417 299
418 226
418 299
419 226
419 299
420 226
420 299
421 226
421 299
422 226
422 300
423 226
423 300
424 226
424 300
425 226
425 300
426 226
426 300
427 226
427 300
428 226
428 300
429 227
429 300
430 227
430 300
431 227
431 300
432 227
432 300
433 227
433 300
434 227
434 300
435 227
435 300
436 227
436 300
437 227
437 300
438 227
438 300
439 227
439 300
440 227
440 300
441 227
441 300
442 227
442 300
443 227
443 299
443 300
444 228
444 298
445 229
445 297
446 230
446 292
446 293
446 294
446 295
446 296
446 297
447 231
447 267
447 268
447 269
447 270
447 271
447 272
447 273
447 274
447 275
447 276
447 277
447 278
447 279
447 280
447 281
447 282
447 283
447 284
447 285
447 286
447 287
447 288
447 289
447 290
447 291
447 292
448 232
448 233
448 234
448 235
448 236
448 237
448 238
448 239
448 240
448 241
448 242
448 243
448 244
448 245
448 246
448 247
448 248
448 249
448 250
448 251
448 252
448 253
448 254
448 255
448 256
448 257
448 258
448 259
448 260
448 261
448 262
448 263
448 264
448 265
448 266
448 267
