291 390
291 391
291 392
292 388
292 389
292 390
292 393
292 394
293 387
293 388
293 394
293 395
294 386
294 387
294 395
294 396
295 385
295 386
295 396
295 397
296 384
296 397
296 398
297 383
297 398
297 399
298 381
298 382
298 399
298 400
299 380
299 381
299 400
299 401
300 379
300 380
300 401
300 402
301 378
301 379
301 402
301 403
302 377
302 404
303 375
303 376
303 404
303 405
304 374
304 375
304 406
305 373
305 374
305 407
306 372
306 373
306 408
307 371
307 372
307 409
308 370
308 371
308 410
309 370
309 411
310 370
310 411
311 411
312 411
313 411
314 411
315 411
316 412
317 412
318 412
319 412
320 412
321 412
322 412
323 412
324 412
325 369
325 411
325 412
326 369
326 411
327 370
327 411
328 370
328 410
328 411
329 371
329 409
330 372
330 408
330 409
331 373
331 374
331 407
332 375
332 376
332 377
332 378
332 379
332 404
332 405
332 406
332 407
333 379
333 380
333 381
333 382
333 383
333 401
333 402
333 403
333 404
334 384
334 385
334 386
334 387
334 388
334 389
334 390
334 391
334 392
334 393
334 394
334 395
334 396
334 397
334 398
334 399
334 400
334 401
