686 58
686 59
686 60
686 61
686 62
686 63
686 64
686 65
687 57
687 58
687 65
687 66
687 67
688 56
688 57
688 68
688 69
688 70
689 55
689 56
689 70
689 71
689 72
689 73
690 54
690 55
690 73
690 74
690 75
691 54
691 76
691 77
692 53
692 54
692 78
693 52
693 53
693 79
694 52
694 79
695 51
695 52
695 79
696 50
696 51
696 79
697 50
697 78
697 79
698 49
698 50
698 78
699 49
699 77
700 48
700 49
700 77
701 48
701 76
702 48
702 76
703 75
704 75
705 74
706 73
706 74
707 73
708 72
708 73
709 72
710 43
710 72
711 43
711 71
712 43
712 71
713 42
713 43
713 70
714 42
714 70
715 42
715 69
716 41
716 42
716 68
717 41
717 68
718 41
718 67
718 68
719 41
719 67
720 41
720 66
720 67
721 41
721 66
722 41
722 65
722 66
723 41
723 65
724 41
724 64
725 42
725 64
726 43
726 63
727 44
727 63
728 45
728 46
728 62
729 46
729 47
729 62
730 47
730 48
730 49
730 61
731 49
731 50
731 61
732 50
732 51
732 60
732 61
733 52
733 53
733 59
733 60
734 54
734 55
734 56
734 57
734 58
734 59
