317 259
317 260
317 261
317 262
317 263
317 264
317 265
317 266
317 267
317 268
317 269
317 270
317 271
317 272
317 273
317 274
317 275
317 276
317 277
317 278
317 279
317 280
317 281
317 282
318 241
318 242
318 243
318 244
318 245
318 246
318 247
318 248
318 249
318 250
318 251
318 252
318 253
318 254
318 255
318 256
318 257
318 258
318 283
319 224
319 225
319 226
319 227
319 228
319 229
319 230
319 231
319 232
319 233
319 234
319 235
319 236
319 237
319 238
319 239
319 240
319 241
319 283
320 207
320 208
320 209
320 210
320 211
320 212
320 213
320 214
320 215
320 216
320 217
320 218
320 219
320 220
320 221
320 222
320 223
320 224
320 283
321 191
321 192
321 193
321 194
321 195
321 196
321 197
321 198
321 199
321 200
321 201
321 202
321 203
321 204
321 205
321 206
321 207
321 282
321 283
322 176
322 177
322 178
322 179
322 180
322 181
322 182
322 183
322 184
322 185
322 186
322 187
322 188
322 189
322 190
322 191
322 281
322 282
323 161
323 162
323 163
323 164
323 165
323 166
323 167
323 168
323 169
323 170
323 171
323 172
323 173
323 174
323 175
323 176
323 279
323 280
323 281
324 147
324 148
324 149
324 150
324 151
324 152
324 153
324 154
324 155
324 156
324 157
324 158
324 159
324 160
324 161
324 278
324 279
325 146
325 147
325 277
325 278
326 145
326 275
326 276
326 277
327 144
327 145
327 274
327 275
328 143
328 273
328 274
329 143
329 271
329 272
329 273
330 143
330 270
330 271
331 143
331 269
331 270
332 143
332 267
332 268
333 143
333 266
333 267
334 143
334 264
334 265
334 266
335 143
335 263
335 264
336 143
336 262
336 263
337 143
337 261
338 259
338 260
339 258
339 259
340 256
340 257
340 258
341 255
341 256
342 254
342 255
343 252
343 253
344 251
344 252
345 249
345 250
346 248
346 249
347 247
347 248
348 247
349 245
350 243
351 241
353 239
354 238
355 236
356 234
358 232
359 230
360 229
362 227
363 225
364 223
365 222
367 220
368 218
369 216
371 214
372 213
373 211
374 209
376 207
377 206
378 204
380 202
381 200
382 198
383 197
385 148
385 195
386 148
386 193
387 148
387 191
388 148
388 190
389 148
390 148
390 188
391 148
391 186
392 148
392 184
393 148
394 149
394 182
395 149
395 181
396 149
396 179
397 149
397 177
398 149
399 149
399 175
400 149
400 174
401 149
401 172
402 149
403 150
403 170
404 150
404 168
405 150
405 166
406 150
406 165
407 150
408 150
408 163
409 150
409 161
410 151
410 159
411 151
412 152
412 153
412 156
412 157
412 158
413 154
413 155
413 156
