402 72
402 74
402 77
402 79
402 82
402 84
402 87
402 89
402 92
402 94
402 97
402 99
402 102
402 105
402 107
402 110
402 112
402 115
402 117
402 120
402 122
402 125
402 127
402 130
402 133
402 134
402 135
402 136
402 137
402 138
402 139
402 140
402 141
402 142
402 143
402 144
402 145
402 146
402 147
402 148
402 149
402 150
402 151
402 152
402 153
402 154
402 155
402 156
402 157
402 158
402 159
402 160
402 161
402 162
402 163
402 164
402 165
402 166
402 167
402 168
402 169
402 170
402 171
402 172
402 173
402 174
402 175
402 176
402 177
402 178
402 179
402 180
402 181
402 182
402 183
402 184
402 185
402 186
402 187
402 188
402 189
402 190
402 191
402 192
402 193
402 194
402 195
402 196
402 197
402 198
402 199
402 200
402 201
403 8
403 11
403 13
403 16
403 18
403 21
403 23
403 26
403 28
403 31
403 33
403 36
403 39
403 41
403 44
403 46
403 49
403 51
403 54
403 56
403 59
403 61
403 64
403 66
403 69
403 202
403 203
404 4
404 5
404 6
404 204
405 3
405 4
405 205
406 3
406 206
407 3
407 206
408 3
408 207
409 3
410 3
410 207
411 4
412 5
412 207
413 6
414 7
414 207
415 8
416 207
418 207
420 207
422 207
424 207
426 207
429 207
431 207
433 207
435 207
437 207
439 207
441 207
443 207
445 207
447 207
450 207
452 207
454 207
456 207
458 207
460 207
462 207
464 207
466 207
468 207
471 207
473 207
475 207
477 207
479 207
481 207
483 207
485 207
487 207
489 207
492 207
494 207
496 207
498 207
500 207
502 207
504 207
506 207
508 207
510 207
513 206
513 207
514 130
514 131
514 206
515 132
515 133
515 205
515 206
516 134
516 135
516 136
516 137
516 138
516 139
516 140
516 141
516 142
516 143
516 144
516 145
516 146
516 147
516 148
516 149
516 150
516 151
516 152
516 153
516 154
516 155
516 156
516 157
516 158
516 159
516 160
516 161
516 162
516 204
516 205
517 163
517 164
517 165
517 166
517 167
517 168
517 169
517 170
517 171
517 172
517 173
517 174
517 175
517 176
517 177
517 178
517 179
517 180
517 181
517 182
517 183
517 184
517 185
517 186
517 187
517 188
517 189
517 190
517 191
517 192
517 193
517 194
517 195
517 196
517 202
517 203
517 204
518 197
518 198
518 199
518 200
518 201
518 202
