372 264
372 265
372 266
372 267
372 268
372 269
372 270
372 271
372 272
372 273
372 274
372 275
372 276
372 277
372 278
372 279
372 280
372 281
372 282
372 283
372 284
372 285
372 286
373 263
373 287
373 288
373 289
373 290
373 291
373 292
374 262
374 263
374 293
374 294
374 295
374 296
374 297
374 298
375 261
375 299
375 300
375 301
375 302
375 303
376 260
376 261
376 304
376 305
377 260
377 306
378 259
378 260
378 307
379 259
379 308
380 259
380 309
381 259
381 310
382 259
382 310
383 259
383 310
384 259
384 310
385 259
385 310
386 259
386 310
387 309
387 310
388 309
389 309
390 309
391 309
392 309
393 308
393 309
394 308
395 308
396 256
396 308
397 257
397 308
398 258
398 308
399 259
399 308
400 260
400 307
400 308
401 261
401 307
402 262
402 263
402 306
402 307
403 264
403 265
403 266
403 267
403 268
403 269
403 270
403 271
403 272
403 306
404 272
404 273
404 274
404 275
404 276
404 277
404 278
404 279
404 280
404 304
404 305
404 306
405 281
405 282
405 283
405 284
405 285
405 286
405 287
405 288
405 289
405 290
405 291
405 292
405 293
405 294
405 295
405 296
405 297
405 298
405 299
405 300
405 301
405 302
405 303
405 304
