393 215
393 216
393 217
393 218
393 219
393 220
393 221
393 222
393 223
393 224
393 225
393 226
393 227
393 228
393 229
393 230
393 231
393 232
393 233
393 234
393 235
393 236
393 237
393 238
393 239
393 240
393 241
393 242
393 243
393 244
393 245
393 246
393 247
393 248
393 249
393 250
393 251
393 252
393 253
393 254
393 255
393 256
393 257
393 258
393 259
393 260
393 261
393 262
393 263
393 264
393 265
393 266
393 267
394 214
394 268
394 269
395 213
395 214
395 270
396 212
396 271
397 212
397 272
398 273
399 274
400 274
401 275
402 275
403 276
404 276
405 276
406 276
407 276
408 276
409 276
410 276
411 276
412 276
413 276
414 276
415 276
416 276
417 276
418 276
419 275
419 276
420 275
421 275
422 275
423 208
423 274
423 275
424 209
424 274
425 210
425 273
425 274
426 211
426 272
426 273
427 212
427 271
427 272
428 213
428 270
428 271
429 214
429 269
429 270
430 215
430 267
430 268
430 269
431 216
431 217
431 218
431 219
431 220
431 221
431 222
431 223
431 224
431 225
431 226
431 227
431 228
431 229
431 230
431 231
431 232
431 233
431 234
431 235
431 236
431 237
431 238
431 239
431 240
431 241
431 242
431 243
431 244
431 245
431 246
431 247
431 248
431 249
431 250
431 251
431 252
431 253
431 254
431 255
431 256
431 257
431 258
431 259
431 260
431 261
431 262
431 263
431 264
431 265
431 267
