264 219
264 220
264 221
264 222
264 223
264 224
264 225
264 226
264 227
264 228
264 229
264 230
264 231
264 232
264 233
264 234
264 235
264 236
264 237
264 238
264 239
264 240
264 241
264 242
264 243
264 244
264 245
264 246
264 247
264 248
264 249
264 250
264 251
264 252
264 253
264 254
264 255
264 256
264 257
264 258
264 259
264 260
264 261
264 262
264 263
264 264
264 265
264 266
264 267
264 268
264 269
264 270
264 271
264 272
264 273
264 274
264 275
264 276
264 277
264 278
264 279
264 280
264 281
264 282
264 283
264 284
264 285
264 286
264 287
264 288
264 289
264 290
264 291
264 292
264 293
264 294
264 295
264 296
264 297
264 298
264 299
264 300
264 301
264 302
264 303
264 304
264 305
264 306
265 211
265 212
265 213
265 214
265 215
265 216
265 217
265 218
265 219
265 307
266 210
266 211
266 308
267 209
267 309
268 208
268 209
268 310
269 207
269 310
270 207
270 310
271 207
271 310
272 207
272 310
273 207
273 311
274 207
274 311
275 207
275 311
276 207
276 311
277 207
277 311
278 207
278 311
279 311
280 311
281 311
282 311
283 311
284 311
285 311
286 311
287 311
288 311
289 311
290 311
291 207
291 311
292 207
292 311
293 207
293 311
294 207
294 311
295 207
295 311
296 207
296 311
297 207
297 311
298 207
298 312
299 207
299 312
300 207
300 312
301 207
301 312
302 207
302 312
303 207
303 312
304 207
304 312
305 207
305 312
306 207
306 312
307 207
307 312
308 207
308 312
309 207
309 312
310 208
310 312
311 208
311 312
312 208
312 312
313 208
313 312
314 208
314 312
315 208
315 312
316 208
316 312
317 208
317 312
318 208
318 312
319 208
319 312
320 208
320 312
321 208
321 312
322 208
322 312
323 208
323 312
324 208
324 312
325 208
325 312
326 208
326 312
327 208
327 312
328 208
328 311
328 312
329 209
329 310
330 210
330 309
331 211
331 296
331 297
331 298
331 299
331 300
331 301
331 302
331 303
331 304
331 305
331 306
331 307
331 308
331 309
332 212
332 256
332 257
332 258
332 259
332 260
332 261
332 262
332 263
332 264
332 265
332 266
332 267
332 268
332 269
332 270
332 271
332 272
332 273
332 274
332 275
332 276
332 277
332 278
332 279
332 280
332 281
332 282
332 283
332 284
332 285
332 286
332 287
332 288
332 289
332 290
332 291
332 292
332 293
332 294
332 295
332 296
333 213
333 214
333 215
333 216
333 217
333 218
333 219
333 220
333 221
333 222
333 223
333 224
333 225
333 226
333 227
333 228
333 229
333 230
333 231
333 232
333 233
333 234
333 235
333 236
333 237
333 238
333 239
333 240
333 241
333 242
333 243
333 244
333 245
333 246
333 247
333 248
333 249
333 250
333 251
333 252
333 253
333 254
333 255
333 256
