1 4
1 5
1 8
1 11
1 14
1 17
1 20
1 23
1 26
1 29
1 33
1 36
1 39
1 42
1 45
1 48
1 51
1 54
1 58
1 61
1 64
1 67
1 70
1 73
1 76
1 79
1 83
1 86
1 89
1 92
1 95
1 98
1 101
1 104
1 107
1 111
1 114
1 117
1 120
1 123
1 126
1 129
1 132
1 136
1 139
1 142
1 145
1 148
1 151
1 154
1 157
1 161
1 162
2 3
2 163
3 2
3 3
3 164
4 1
4 165
5 1
5 166
6 166
6 167
7 167
7 168
8 168
9 169
10 169
11 170
12 170
13 170
14 169
14 170
15 169
16 169
17 168
17 169
18 168
19 167
19 168
20 167
21 167
22 166
22 167
23 166
24 165
24 166
25 165
26 165
27 164
27 165
28 164
29 163
29 164
30 163
31 163
32 162
32 163
33 162
34 161
34 162
35 161
36 161
37 160
37 161
38 160
39 160
40 160
41 159
42 158
43 158
45 157
46 157
47 156
49 155
50 155
51 154
53 154
54 153
55 152
56 152
58 151
59 151
60 150
62 149
63 149
64 148
66 148
67 147
68 146
69 146
71 145
72 145
73 144
75 143
76 143
77 142
79 142
80 141
81 140
82 140
84 139
85 139
86 138
88 137
89 137
90 136
92 136
93 135
94 134
95 134
97 133
98 133
99 132
101 131
102 131
103 130
105 129
105 130
106 129
107 128
107 129
108 127
109 126
110 125
111 124
112 123
113 122
114 121
115 120
116 119
117 118
118 117
119 116
120 115
121 114
122 113
123 112
124 111
125 110
126 109
127 108
128 107
129 106
130 105
130 106
131 104
132 103
133 102
134 101
135 100
136 99
137 98
138 97
139 96
140 95
141 94
142 93
143 92
144 91
145 90
146 89
147 88
148 87
149 86
150 85
151 84
152 83
153 82
153 83
154 81
155 80
156 79
157 77
157 78
158 76
159 1
159 75
160 1
160 74
161 1
161 72
161 73
162 1
162 71
163 2
163 70
164 2
164 69
165 3
165 67
165 68
166 3
166 66
167 4
167 65
168 4
168 5
168 64
169 5
169 62
169 63
170 5
170 6
170 61
171 6
171 60
172 6
172 7
172 59
173 7
173 58
173 59
174 7
174 8
174 57
175 8
175 56
176 9
176 55
177 9
177 53
177 54
178 10
178 52
179 10
179 51
180 11
180 50
181 12
181 48
181 49
182 13
182 47
183 14
183 15
183 46
184 16
184 17
184 45
185 18
185 19
185 43
185 44
186 19
186 20
186 21
186 42
187 21
187 22
187 23
187 41
188 23
188 24
188 25
188 40
189 25
189 26
189 38
189 39
190 27
190 28
190 37
191 29
191 30
191 36
192 31
192 32
192 35
193 33
193 34
193 35
