390 286
390 287
390 288
390 289
390 290
390 291
390 292
390 293
390 294
390 295
390 296
390 297
390 298
390 299
390 300
390 301
390 302
390 303
390 304
390 305
390 306
390 307
390 308
390 309
390 310
390 311
390 312
390 313
390 314
390 315
390 316
390 317
390 318
390 319
390 320
390 321
390 322
390 323
390 324
390 325
390 326
390 327
390 328
391 284
391 285
391 286
391 329
392 283
392 284
392 330
393 282
393 283
393 331
394 281
394 282
394 331
395 281
395 332
396 280
396 281
396 332
397 280
397 332
398 280
398 332
399 280
399 332
400 280
400 332
401 280
401 332
402 280
402 332
403 280
403 332
404 280
404 332
405 280
405 332
406 280
406 332
407 332
408 332
409 332
410 332
411 332
412 332
413 332
414 332
415 332
416 332
417 332
418 332
419 332
420 332
421 332
422 332
423 332
424 332
425 332
426 332
427 279
427 332
428 279
428 332
429 280
429 331
429 332
430 280
430 330
431 281
431 329
431 330
432 282
432 328
433 283
433 284
433 305
433 306
433 307
433 308
433 309
433 310
433 311
433 312
433 313
433 314
433 315
433 316
433 317
433 318
433 319
433 320
433 321
433 322
433 323
433 324
433 325
433 326
433 327
433 328
434 285
434 286
434 287
434 288
434 289
434 290
434 291
434 292
434 293
434 294
434 295
434 296
434 297
434 298
434 299
434 300
434 301
434 302
434 303
434 304
434 305
