691 304
691 305
691 306
691 307
691 308
691 309
691 310
691 311
691 312
691 313
691 314
691 315
691 316
691 317
691 318
691 319
691 320
691 321
691 322
691 323
691 324
691 325
691 326
691 327
691 328
691 329
691 330
691 331
691 332
691 333
691 334
691 335
691 336
691 337
691 338
691 339
691 340
691 341
691 342
691 343
691 344
691 345
692 302
692 303
692 304
692 346
693 301
693 302
693 347
694 300
694 348
695 299
695 300
695 348
696 298
696 299
696 349
697 298
697 349
698 298
698 349
699 349
700 349
701 349
702 349
703 349
704 349
705 349
706 349
707 349
708 349
709 349
710 349
711 349
712 349
713 349
714 349
715 349
716 349
717 349
718 349
719 349
720 350
721 350
722 350
723 350
724 350
725 350
726 350
727 350
728 350
729 350
730 350
731 350
732 350
733 350
734 350
735 350
736 350
737 350
738 297
738 349
738 350
739 297
739 349
740 298
740 348
740 349
741 298
741 348
742 299
742 347
742 348
743 300
743 346
743 347
744 301
744 302
744 344
744 345
744 346
745 303
745 304
745 305
745 315
745 316
745 317
745 318
745 319
745 320
745 321
745 322
745 323
745 324
745 325
745 326
745 327
745 328
745 329
745 330
745 331
745 332
745 333
745 334
745 335
745 336
745 337
745 338
745 339
745 340
745 341
745 342
745 343
745 344
746 306
746 307
746 308
746 309
746 310
746 311
746 312
746 313
746 314
746 315
