488 274
488 275
488 276
488 277
488 278
488 279
488 280
488 281
488 282
488 283
488 284
488 285
488 286
488 287
488 288
488 289
488 290
488 291
489 272
489 273
489 274
489 292
490 271
490 272
490 293
491 271
491 293
492 271
492 294
493 294
494 270
494 294
495 270
495 294
496 271
496 294
497 271
497 293
497 294
498 272
498 293
499 273
499 274
499 292
499 293
500 275
500 276
500 277
500 278
500 279
500 280
500 290
500 291
500 292
501 281
501 282
501 283
501 284
501 285
501 286
501 287
501 288
501 289
501 290
