467 329
467 330
467 331
467 332
467 333
467 334
467 335
467 336
467 337
467 338
467 339
467 340
467 341
467 342
467 343
467 344
467 345
467 346
467 347
467 348
467 349
467 350
467 351
467 352
467 353
468 328
468 354
468 355
469 327
469 328
469 356
469 357
470 326
470 358
471 325
471 326
471 359
472 325
472 360
473 325
473 360
474 325
474 361
475 325
475 361
476 325
476 361
477 325
477 361
478 325
478 361
479 361
480 360
480 361
481 360
482 324
482 360
483 324
483 360
484 325
484 360
485 325
485 360
486 326
486 359
486 360
487 327
487 358
488 328
488 329
488 357
488 358
489 330
489 331
489 332
489 356
490 333
490 334
490 335
490 336
490 337
490 338
490 339
490 340
490 341
490 342
490 343
490 344
490 345
490 346
490 347
490 348
490 349
490 350
490 351
490 352
490 353
490 354
490 355
490 356
