73 356
73 357
73 358
73 359
73 360
73 361
73 362
73 363
73 364
73 365
73 366
73 367
73 368
73 369
73 370
73 371
73 372
73 373
73 374
73 375
73 376
73 377
73 378
73 379
74 355
74 380
75 354
75 355
75 381
76 353
76 382
77 352
77 353
77 382
78 352
78 383
79 352
79 382
79 383
80 352
80 382
81 352
81 382
82 352
82 382
83 382
84 382
85 382
86 382
87 382
88 382
89 382
90 382
91 382
92 351
92 382
93 351
93 382
94 352
94 382
95 352
95 381
95 382
96 353
96 381
97 354
97 380
97 381
98 355
98 356
98 378
98 379
98 380
99 357
99 358
99 359
99 360
99 361
99 362
99 363
99 364
99 365
99 366
99 367
99 368
99 369
99 370
99 371
99 372
99 373
99 374
99 375
99 376
99 377
99 378
