211 338
211 339
211 340
211 341
211 342
211 343
211 344
211 345
211 346
211 347
211 348
211 349
212 337
212 338
212 350
213 336
213 337
213 351
214 335
214 336
214 352
215 335
215 352
216 335
216 353
217 353
218 353
219 334
219 353
220 334
220 353
221 335
221 353
222 335
222 352
222 353
223 336
223 352
224 337
224 351
224 352
225 338
225 350
225 351
226 339
226 340
226 348
226 349
226 350
227 341
227 342
227 343
227 344
227 345
227 346
227 347
227 348
