432 317
432 318
432 319
432 320
432 321
432 322
432 323
432 324
432 325
432 326
432 327
432 328
432 329
432 330
432 331
432 332
432 333
432 334
432 335
432 336
432 337
432 338
432 339
432 340
432 341
432 342
432 343
432 344
432 345
432 346
432 347
432 348
432 349
432 350
432 351
432 352
433 316
433 317
433 353
434 315
434 354
435 314
435 315
435 355
436 313
436 356
437 313
437 357
438 357
439 357
440 357
441 357
442 357
443 357
444 357
445 357
446 357
447 357
448 357
449 356
449 357
450 356
451 356
452 309
452 356
453 310
453 356
454 311
454 356
455 312
455 356
456 313
456 356
457 314
457 355
457 356
458 315
458 354
459 316
459 353
459 354
460 317
460 318
460 319
460 320
460 321
460 322
460 323
460 324
460 325
460 352
461 326
461 327
461 328
461 329
461 330
461 331
461 332
461 333
461 334
461 335
461 336
461 337
461 338
461 339
461 340
461 341
461 342
461 343
461 344
461 345
461 346
461 347
461 348
461 349
461 350
461 351
461 352
