359 316
359 317
359 318
359 319
359 320
359 321
359 322
359 323
359 324
359 325
359 326
359 327
359 328
359 329
359 330
359 331
359 332
360 304
360 305
360 306
360 307
360 308
360 309
360 310
360 311
360 312
360 313
360 314
360 315
360 333
361 292
361 293
361 294
361 295
361 296
361 297
361 298
361 299
361 300
361 301
361 302
361 303
361 304
361 333
362 280
362 281
362 282
362 283
362 284
362 285
362 286
362 287
362 288
362 289
362 290
362 291
362 334
363 278
363 279
363 280
363 334
364 277
364 278
364 334
365 276
365 277
365 334
366 275
366 276
366 334
367 275
367 334
368 275
368 334
369 275
369 334
370 275
370 334
371 275
371 334
371 335
372 275
372 335
373 335
374 335
375 275
375 335
376 275
376 335
377 275
377 335
378 275
378 335
379 275
379 335
380 275
380 335
381 275
381 336
382 275
382 336
383 275
383 336
384 275
384 336
385 275
385 336
386 276
386 336
387 276
387 336
388 276
388 336
389 276
389 336
390 276
390 336
391 276
391 336
392 276
392 336
393 276
393 336
394 276
394 336
395 276
395 336
396 276
396 336
397 277
397 337
398 277
398 337
399 277
399 337
400 277
400 337
401 277
401 336
401 337
402 277
402 335
402 336
403 278
403 331
403 332
403 333
403 334
403 335
404 279
404 316
404 317
404 318
404 319
404 320
404 321
404 322
404 323
404 324
404 325
404 326
404 327
404 328
404 329
404 330
404 331
405 280
405 301
405 302
405 303
405 304
405 305
405 306
405 307
405 308
405 309
405 310
405 311
405 312
405 313
405 314
405 315
406 281
406 286
406 287
406 288
406 289
406 290
406 291
406 292
406 293
406 294
406 295
406 296
406 297
406 298
406 299
406 300
407 282
407 283
407 284
407 285
407 286
