632 340
632 341
632 342
632 343
632 344
632 345
632 346
632 347
632 348
632 349
632 350
632 351
632 352
632 353
632 354
632 355
632 356
632 357
632 359
632 360
632 361
632 363
632 364
632 366
632 367
632 368
632 370
632 371
632 372
632 374
632 375
632 377
632 378
632 379
632 381
632 382
632 383
632 385
632 386
632 388
632 389
632 390
632 392
632 393
632 395
632 396
632 397
632 399
632 400
632 401
632 403
632 404
632 406
632 407
632 408
632 410
632 411
632 412
632 414
632 415
632 417
632 418
632 419
632 421
632 422
632 424
632 425
632 426
632 427
632 428
632 429
632 430
632 431
632 432
632 433
632 434
632 435
632 436
632 437
632 438
632 439
632 440
633 338
633 339
633 340
633 441
633 442
634 337
634 338
634 443
635 336
635 337
635 444
636 335
636 336
636 445
637 335
637 445
638 335
638 446
639 446
640 446
641 446
642 446
643 446
644 446
645 446
646 446
647 446
648 446
649 446
650 446
651 447
652 447
653 447
654 447
655 447
656 447
657 447
658 447
659 447
660 447
661 447
662 447
663 334
663 447
664 334
664 447
665 334
665 447
666 334
666 447
667 334
667 447
668 335
668 447
669 335
669 447
670 335
670 447
671 335
671 447
672 335
672 447
673 336
673 337
673 447
674 338
674 339
674 340
674 447
675 341
675 342
675 343
675 447
676 343
676 344
676 345
676 447
677 346
677 347
677 348
677 447
678 348
678 349
678 350
678 447
679 350
679 351
679 352
679 447
680 353
680 354
680 355
680 447
681 355
681 356
681 357
681 447
682 358
682 359
682 360
682 446
682 447
683 360
683 361
683 362
683 446
684 363
684 364
684 365
684 445
684 446
685 366
685 367
685 444
685 445
686 368
686 369
686 370
686 442
686 443
686 444
687 371
687 372
687 373
687 375
687 376
687 378
687 379
687 380
687 382
687 383
687 385
687 386
687 388
687 389
687 390
687 392
687 393
687 395
687 396
687 397
687 399
687 400
687 402
687 403
687 405
687 406
687 407
687 409
687 410
687 412
687 413
687 415
687 416
687 417
687 419
687 420
687 422
687 423
687 424
687 426
687 427
687 429
687 430
687 432
687 433
687 434
687 436
687 437
687 439
687 440
687 442
