653 81
653 82
653 83
653 84
653 85
653 86
653 87
653 88
653 89
653 90
653 91
654 79
654 80
654 81
654 92
654 93
654 94
654 95
654 96
654 97
654 98
654 99
655 78
655 79
655 100
655 101
656 77
656 78
656 102
657 75
657 76
657 102
658 74
658 75
658 102
658 103
659 72
659 73
659 102
660 71
660 72
660 101
660 102
661 70
661 71
661 100
661 101
662 69
662 70
662 100
663 69
663 99
663 100
664 69
664 98
664 99
665 69
665 98
666 69
666 97
666 98
667 97
668 96
668 97
669 95
669 96
670 95
671 94
671 95
672 94
673 93
673 94
674 92
674 93
675 69
675 91
675 92
676 69
676 90
676 91
677 70
677 89
677 90
678 70
678 88
678 89
679 71
679 87
679 88
680 72
680 87
681 73
681 86
681 87
682 74
682 85
682 86
683 75
683 83
683 84
683 85
684 76
684 77
684 80
684 81
684 82
684 83
685 78
685 79
685 80
