331 299
331 300
331 301
331 302
331 303
332 304
333 305
334 305
335 305
336 306
337 306
338 306
339 306
340 306
342 306
343 306
344 306
345 306
346 306
348 307
349 307
350 307
351 307
353 307
354 307
355 307
356 307
357 307
359 307
360 308
361 308
362 308
364 308
365 308
366 308
367 308
368 308
370 308
371 308
372 309
373 309
375 309
376 309
377 309
378 309
379 309
381 309
382 309
383 309
384 310
386 310
387 310
388 310
389 310
390 310
392 310
393 310
394 310
395 310
397 311
398 311
399 311
400 311
401 311
402 311
403 311
404 311
405 311
406 311
407 311
408 311
409 311
410 311
411 312
412 312
413 312
414 312
415 311
415 312
416 310
417 309
417 310
418 308
419 175
419 304
419 305
419 306
419 307
419 308
420 174
420 175
420 287
420 288
420 289
420 290
420 291
420 292
420 293
420 294
420 295
420 296
420 297
420 298
420 299
420 300
420 301
420 302
420 303
420 304
421 173
421 174
421 269
421 270
421 271
421 272
421 273
421 274
421 275
421 276
421 277
421 278
421 279
421 280
421 281
421 282
421 283
421 284
421 285
421 286
422 172
422 173
422 253
422 254
422 256
422 258
422 260
422 261
422 263
422 265
422 267
422 269
423 172
423 235
423 237
423 239
423 240
423 242
423 244
423 246
423 247
423 249
423 251
424 172
424 217
424 219
424 221
424 223
424 225
424 226
424 228
424 230
424 232
424 233
425 172
425 200
425 202
425 203
425 205
425 207
425 209
425 210
425 212
425 214
425 216
426 173
426 182
426 184
426 186
426 188
426 189
426 191
426 193
426 195
426 196
426 198
427 174
427 175
427 176
427 177
427 178
427 179
427 180
427 181
