349 209
349 210
349 211
349 213
349 214
349 215
349 216
349 218
349 219
349 220
349 222
349 223
349 224
349 225
349 227
349 228
349 229
349 231
349 232
349 233
349 234
349 236
349 237
349 238
349 240
349 241
349 242
349 243
349 245
349 246
349 247
349 248
349 250
349 251
349 252
349 254
349 255
349 256
349 257
349 259
349 260
349 261
349 263
349 264
349 265
349 266
349 268
349 269
349 270
349 272
349 273
349 274
349 275
349 276
349 277
349 278
349 279
349 280
349 281
349 282
349 283
349 284
349 285
349 286
349 287
349 288
349 289
349 290
349 291
349 292
349 293
349 294
349 295
349 296
349 297
349 298
350 207
350 208
350 299
351 206
351 300
352 205
352 206
352 301
353 204
353 302
354 204
354 302
355 204
355 302
356 204
356 302
357 204
357 302
358 204
358 302
359 204
359 302
360 204
360 302
361 204
361 303
362 204
362 303
363 204
363 303
364 204
364 303
365 204
365 303
366 204
366 303
367 204
367 303
368 204
368 303
369 204
369 303
370 204
370 303
371 204
371 303
372 204
372 303
373 204
373 303
374 204
374 303
375 204
375 304
376 204
376 304
377 204
377 304
378 204
378 304
379 204
379 304
380 304
381 304
382 304
383 304
384 304
385 304
386 304
387 304
388 304
389 304
390 304
391 304
392 304
393 304
394 304
395 304
396 304
397 304
398 304
399 304
400 304
401 304
402 304
403 304
404 304
405 304
406 304
407 204
407 304
408 204
408 304
409 205
409 303
409 304
410 205
410 302
411 206
411 301
411 302
412 207
412 300
413 208
413 209
413 288
413 289
413 290
413 291
413 292
413 293
413 294
413 295
413 296
413 297
413 298
413 299
413 300
414 210
414 211
414 213
414 214
414 216
414 217
414 219
414 220
414 222
414 224
414 225
414 227
414 228
414 230
414 231
414 233
414 234
414 236
414 238
414 239
414 241
414 242
414 244
414 245
414 247
414 249
414 250
414 252
414 253
414 255
414 256
414 258
414 259
414 261
414 263
414 264
414 266
414 267
414 269
414 270
414 272
414 273
414 275
414 277
414 278
414 280
414 281
414 283
414 284
414 286
414 288
