413 342
413 343
413 344
413 345
413 346
413 347
413 348
413 349
413 350
413 351
413 352
413 353
413 354
413 355
413 356
413 357
413 358
413 359
413 360
413 361
413 362
413 363
413 364
414 341
414 365
415 340
415 341
415 366
416 339
416 367
417 339
417 367
418 367
419 367
420 367
421 368
422 368
423 368
424 368
425 368
426 368
427 368
428 368
429 368
430 368
431 368
432 368
433 338
433 368
434 338
434 368
435 339
435 368
436 339
436 367
436 368
437 340
437 366
438 341
438 365
438 366
439 342
439 343
439 364
440 344
440 345
440 346
440 347
440 348
440 349
440 350
440 351
440 352
440 353
440 354
440 355
440 356
440 357
440 358
440 359
440 360
440 361
440 362
440 363
440 364
