607 436
607 438
607 439
607 441
607 442
607 444
607 446
607 447
607 448
607 449
607 450
607 451
607 452
607 453
607 454
607 455
607 456
607 457
607 458
607 459
607 460
607 461
607 462
607 463
607 464
607 465
607 466
607 467
608 427
608 429
608 430
608 432
608 433
608 435
608 468
609 418
609 420
609 421
609 423
609 424
609 426
609 468
610 409
610 411
610 412
610 414
610 415
610 417
610 469
611 398
611 400
611 401
611 403
611 404
611 406
611 408
611 469
612 389
612 391
612 392
612 394
612 395
612 397
612 470
613 380
613 382
613 383
613 385
613 386
613 388
613 470
614 371
614 373
614 374
614 376
614 377
614 379
614 471
615 365
615 366
615 367
615 368
615 369
615 370
615 471
616 363
616 364
616 365
616 472
617 362
617 363
617 472
618 361
618 362
618 472
619 361
620 361
620 472
621 361
621 472
622 361
622 472
623 361
624 361
624 472
625 361
625 472
626 361
626 472
627 361
628 361
628 472
629 361
629 473
630 361
630 473
631 361
632 361
632 473
633 361
633 473
634 361
634 473
635 361
636 361
636 473
637 361
637 473
638 361
638 473
639 361
640 361
640 473
641 361
641 473
642 361
642 474
643 361
644 361
644 474
645 361
645 474
646 361
646 474
647 361
648 361
648 474
649 361
649 474
650 361
650 474
651 361
652 361
652 474
653 361
653 474
654 361
654 474
656 475
657 475
658 475
660 475
661 475
662 475
664 475
665 475
666 475
668 475
669 476
670 476
672 476
673 476
674 476
676 476
677 476
678 476
680 476
681 476
683 477
684 477
685 477
686 477
687 477
688 477
689 477
690 477
691 477
692 477
693 477
694 477
695 477
696 477
697 477
698 478
699 478
700 478
701 478
702 478
703 478
704 478
705 478
706 478
707 362
707 478
708 362
708 478
709 362
709 363
709 478
710 363
710 478
711 363
711 478
712 363
712 364
712 478
713 364
713 478
714 364
714 479
715 365
715 479
716 365
716 479
717 365
717 366
717 478
717 479
718 366
718 478
719 366
719 477
719 478
720 366
720 367
720 476
721 367
721 475
721 476
722 367
722 474
723 368
723 472
723 473
723 474
724 368
724 469
724 470
724 471
724 472
725 369
725 370
725 446
725 448
725 449
725 451
725 452
725 453
725 455
725 456
725 457
725 459
725 460
725 462
725 463
725 464
725 466
725 467
725 469
726 371
726 372
726 373
726 374
726 375
726 376
726 377
726 378
726 379
726 380
726 381
726 382
726 383
726 424
726 426
726 427
726 428
726 430
726 431
726 433
726 434
726 435
726 437
726 438
726 440
726 441
726 442
726 444
726 445
727 384
727 385
727 386
727 387
727 388
727 389
727 390
727 391
727 392
727 393
727 394
727 395
727 396
727 401
727 402
727 404
727 405
727 406
727 408
727 409
727 411
727 412
727 413
727 415
727 416
727 417
727 419
727 420
727 422
727 423
728 397
728 398
728 399
728 400
