456 426
456 427
456 428
456 429
456 430
456 431
456 432
456 433
456 434
456 435
456 436
456 437
456 438
456 439
456 440
456 441
456 442
456 443
456 444
456 445
456 446
456 447
456 448
457 408
457 409
457 410
457 411
457 412
457 413
457 414
457 415
457 416
457 417
457 418
457 419
457 420
457 421
457 422
457 423
457 424
457 425
457 449
458 399
458 400
458 401
458 402
458 403
458 404
458 405
458 406
458 407
458 408
458 450
459 389
459 390
459 391
459 392
459 393
459 394
459 395
459 396
459 397
459 398
459 451
460 379
460 380
460 381
460 382
460 383
460 384
460 385
460 386
460 387
460 388
460 451
461 369
461 370
461 371
461 372
461 373
461 374
461 375
461 376
461 377
461 378
461 452
462 359
462 360
462 361
462 362
462 363
462 364
462 365
462 366
462 367
462 368
462 452
463 350
463 351
463 352
463 353
463 354
463 355
463 356
463 357
463 358
463 359
463 452
464 345
464 346
464 347
464 348
464 349
464 350
464 452
464 453
465 344
465 345
465 453
466 343
466 453
467 342
467 343
467 453
467 454
468 341
468 454
469 340
469 341
469 454
470 340
470 454
470 455
471 340
471 455
472 339
472 455
473 339
473 455
473 456
474 338
474 339
474 456
475 338
475 456
476 338
476 456
476 457
477 337
477 457
478 337
478 457
479 337
479 457
480 336
480 337
480 458
481 336
481 458
482 336
482 458
483 335
483 458
484 335
484 459
485 334
485 335
485 459
486 334
486 459
487 334
487 459
488 333
488 459
489 333
489 459
489 460
490 333
490 460
491 333
491 460
492 333
492 460
493 333
493 460
494 333
494 460
494 461
495 333
495 461
496 333
496 461
497 333
497 461
498 333
498 461
499 333
499 461
499 462
500 333
500 462
501 333
501 462
502 333
502 462
503 333
503 462
504 462
505 463
506 463
507 463
508 463
509 463
510 463
511 463
512 464
513 464
514 464
515 464
516 464
517 464
518 464
519 464
520 464
521 464
522 464
523 464
524 464
525 464
526 465
527 465
528 465
529 465
530 465
531 465
532 465
533 465
534 465
535 465
536 465
537 465
538 465
539 465
540 465
541 466
542 466
543 466
544 466
545 466
546 466
547 466
548 466
549 466
550 334
550 466
551 334
551 466
552 334
552 466
553 334
553 466
554 334
554 466
555 334
555 466
556 334
556 466
557 334
557 335
557 466
558 335
558 466
559 335
559 466
560 335
560 466
561 335
561 466
562 335
562 466
563 335
563 466
564 335
564 467
565 336
565 467
566 336
566 467
567 336
567 467
568 336
568 467
569 336
569 467
570 336
570 467
571 336
571 467
572 336
572 337
572 467
573 337
573 467
574 337
574 467
575 337
575 467
576 337
576 467
577 337
577 467
578 337
578 467
579 337
579 467
580 338
580 467
581 338
581 467
582 339
582 467
583 339
583 467
584 340
584 467
585 340
585 341
585 467
586 341
586 342
586 467
587 342
587 468
588 343
588 468
589 343
589 344
589 468
590 344
590 345
590 467
590 468
591 345
591 466
592 346
592 465
592 466
593 347
593 464
594 347
594 348
594 462
594 463
594 464
595 348
595 349
595 459
595 460
595 461
595 462
596 349
596 450
596 451
596 452
596 453
596 454
596 455
596 456
596 457
596 458
596 459
597 350
597 442
597 443
597 444
597 445
597 446
597 447
597 448
597 449
597 450
598 350
598 351
598 433
598 434
598 435
598 436
598 437
598 438
598 439
598 440
598 441
598 442
599 351
599 352
599 425
599 426
599 427
599 428
599 429
599 430
599 431
599 432
599 433
600 352
600 409
600 410
600 412
600 413
600 414
600 416
600 417
600 418
600 419
600 421
600 422
600 423
600 425
601 353
601 394
601 395
601 396
601 398
601 399
601 400
601 401
601 403
601 404
601 405
601 407
601 408
602 354
602 377
602 378
602 380
602 381
602 382
602 384
602 385
602 386
602 387
602 389
602 390
602 391
602 393
603 354
603 355
603 362
603 363
603 364
603 366
603 367
603 368
603 369
603 371
603 372
603 373
603 375
603 376
604 356
604 357
604 358
604 359
604 360
604 361
