1 201
1 202
1 203
1 204
1 205
1 206
1 207
1 208
1 209
1 210
1 211
1 212
1 213
1 214
1 215
1 216
2 200
2 217
3 199
3 200
3 218
4 198
4 219
5 198
5 219
6 198
6 219
7 198
7 219
8 198
8 218
8 219
9 198
9 218
10 198
10 218
11 218
12 217
13 217
14 217
15 217
16 216
17 198
17 216
18 198
18 216
19 199
19 216
20 199
20 215
20 216
21 200
21 214
22 201
22 213
23 202
23 203
23 206
23 207
23 208
23 209
23 210
23 211
23 212
23 213
24 204
24 205
24 206
