321 220
321 221
321 222
321 223
321 224
321 225
321 226
321 227
321 228
321 229
321 230
321 231
321 232
321 233
321 234
321 235
321 236
321 237
321 238
321 239
321 240
321 241
321 242
321 243
321 244
321 245
321 246
321 247
321 248
321 249
322 219
322 220
322 250
322 251
322 252
322 253
322 254
322 255
322 256
322 257
322 258
322 259
322 260
322 261
323 218
323 219
323 261
323 262
323 263
323 264
323 265
323 266
323 267
323 268
323 269
323 270
323 271
323 272
323 273
324 217
324 218
324 273
324 274
324 275
324 276
324 277
324 278
324 279
324 280
324 281
324 282
324 283
324 284
325 217
325 285
325 286
326 216
326 217
326 287
326 288
327 216
327 288
327 289
328 216
328 290
328 291
329 216
329 291
329 292
330 216
330 293
331 216
331 294
332 216
332 295
333 216
333 295
334 216
334 296
335 216
335 296
336 216
336 296
337 216
337 296
338 216
338 296
339 216
339 296
340 296
341 296
342 296
343 296
344 296
345 296
346 296
347 296
348 296
349 215
349 296
350 215
350 296
351 215
351 296
352 215
352 295
352 296
353 215
353 295
354 215
354 295
355 215
355 295
356 215
356 295
357 215
357 295
358 215
358 295
359 215
359 295
360 215
360 295
361 215
361 295
362 215
362 295
363 215
363 295
364 215
364 295
365 215
365 294
365 295
366 216
366 293
367 217
367 292
367 293
368 218
368 291
369 219
369 220
369 289
369 290
369 291
370 220
370 221
370 287
370 288
371 221
371 222
371 285
371 286
371 287
372 223
372 224
372 283
372 284
373 224
373 225
373 280
373 281
373 282
373 283
374 226
374 278
374 279
374 280
375 227
375 228
375 276
375 277
376 229
376 274
376 275
377 230
377 231
377 272
377 273
378 231
378 232
378 270
378 271
379 233
379 234
379 267
379 268
379 269
380 234
380 235
380 265
380 266
380 267
381 235
381 236
381 262
381 263
381 264
381 265
382 237
382 238
382 260
382 261
382 262
383 238
383 239
383 258
383 259
384 240
384 256
384 257
385 241
385 242
385 254
385 255
386 243
386 252
386 253
387 244
387 245
387 249
387 250
387 251
388 245
388 246
388 247
388 248
388 249
389 247
