325 195
325 196
325 197
325 198
325 199
325 200
325 201
325 202
325 203
325 204
325 205
325 206
325 207
325 208
325 209
325 210
325 211
325 212
325 213
325 214
325 215
325 216
325 217
325 218
325 219
325 220
325 221
325 222
325 223
325 224
325 225
325 226
325 227
325 229
325 230
325 231
326 194
326 232
326 233
326 234
326 235
326 236
326 237
326 238
326 240
326 241
326 242
326 243
326 244
327 193
327 194
327 245
327 246
327 247
327 248
327 249
327 251
327 252
327 253
327 254
327 255
327 256
327 257
327 258
328 192
328 259
328 260
328 262
328 263
328 264
328 265
328 266
328 267
328 268
328 269
328 270
328 271
329 191
329 192
329 273
329 274
330 191
330 275
331 191
331 276
332 191
332 277
333 190
333 191
333 277
334 190
334 278
335 190
335 278
336 190
336 278
337 190
337 278
338 190
338 278
339 190
339 278
340 190
340 278
341 190
341 278
342 190
342 278
343 190
343 278
344 190
344 278
345 190
345 278
346 190
346 277
347 190
347 277
348 190
348 277
349 190
350 190
350 277
351 189
351 190
351 277
352 189
352 277
353 189
353 277
354 189
355 189
355 277
356 189
356 277
357 189
357 277
358 189
358 277
359 189
360 189
360 277
361 189
361 276
362 189
362 276
363 189
363 276
364 189
365 189
365 276
366 189
366 276
367 189
367 276
368 189
368 276
369 189
370 276
371 276
372 276
373 276
375 276
376 188
376 276
377 188
377 275
378 188
379 188
379 275
380 188
380 275
381 188
381 275
382 188
382 275
383 188
384 188
384 275
385 188
385 275
386 188
386 275
387 188
387 275
388 188
389 188
389 275
390 188
390 275
391 188
391 275
392 188
392 274
393 188
394 188
394 274
395 188
395 274
396 188
396 274
397 188
397 274
398 188
399 188
399 274
400 188
400 274
401 188
401 274
402 188
402 274
403 188
404 188
404 274
405 188
405 274
406 188
406 274
407 189
408 190
408 273
408 274
409 191
409 273
410 192
410 193
410 194
410 195
410 273
411 196
411 197
411 198
411 199
411 200
411 201
411 202
411 203
411 204
411 205
411 206
411 207
411 273
412 208
412 209
412 210
412 211
412 212
412 213
412 214
412 215
412 216
412 217
412 218
412 219
412 220
412 272
412 273
413 221
413 222
413 223
413 224
413 225
413 226
413 227
413 228
413 229
413 230
413 231
413 232
413 271
414 233
414 234
414 235
414 236
414 237
414 238
414 239
414 240
414 241
414 242
414 243
414 244
414 245
414 270
414 271
415 246
415 247
415 248
415 249
415 250
415 251
415 252
415 253
415 254
415 255
415 256
415 257
415 269
416 258
416 259
416 260
416 261
416 262
416 263
416 264
416 265
416 266
416 267
416 268
416 269
