272 192
272 193
272 194
272 195
272 196
272 197
272 198
272 199
272 200
272 201
272 202
272 203
272 204
272 205
272 206
272 207
272 208
272 209
272 210
272 211
272 212
272 213
272 214
272 215
272 216
272 218
272 219
272 221
272 223
272 224
272 226
272 227
272 229
272 231
272 232
272 234
272 235
272 237
272 239
272 240
272 242
272 243
272 245
272 247
272 248
272 250
272 251
272 253
272 255
272 256
272 258
272 259
272 261
272 263
272 264
272 266
272 267
272 269
272 271
272 272
272 274
272 275
272 277
272 279
272 280
272 282
272 283
272 285
272 287
272 288
272 290
272 291
272 293
273 191
273 192
273 295
273 296
273 297
273 298
273 299
273 300
273 301
273 302
273 303
273 304
273 305
273 306
273 307
273 308
273 309
273 310
273 311
273 312
273 313
273 314
273 315
274 190
274 191
274 316
274 317
274 318
274 319
275 189
275 190
275 319
275 320
275 321
275 322
276 189
276 323
276 324
277 188
277 189
277 325
278 188
278 326
279 187
279 188
279 327
280 187
280 327
281 187
281 328
282 187
282 328
283 187
283 327
284 186
284 327
285 186
285 327
286 186
286 327
287 186
288 186
288 327
289 185
289 327
290 185
290 327
291 185
291 327
292 185
293 184
293 185
293 327
294 184
294 327
295 184
295 327
296 184
296 327
297 184
298 184
298 327
299 183
299 327
300 183
300 327
301 183
301 327
302 183
303 182
303 327
304 182
304 327
305 182
305 327
306 182
306 327
307 182
308 181
308 182
308 327
309 181
309 327
310 181
310 327
311 181
311 327
312 181
313 180
313 327
314 180
314 327
315 180
315 327
316 180
316 327
317 180
317 327
318 179
319 179
319 327
320 179
320 327
321 179
321 327
322 179
322 327
323 179
324 327
325 327
326 327
327 327
329 327
330 327
331 327
332 327
334 327
335 327
336 327
337 327
339 327
340 327
341 327
342 327
344 326
344 327
345 326
346 326
347 326
348 326
349 326
350 326
351 326
352 326
353 326
354 326
355 326
356 326
357 326
358 326
359 326
360 326
361 326
362 326
363 326
364 326
365 326
366 326
367 326
368 326
369 326
370 326
371 326
372 326
373 326
374 326
375 326
376 326
377 326
378 326
379 326
380 326
381 325
381 326
382 325
383 325
384 325
385 325
386 325
387 325
388 325
389 325
390 325
391 177
391 325
392 177
392 324
392 325
393 177
393 324
394 177
394 323
394 324
395 177
395 322
395 323
396 177
396 320
396 321
396 322
397 177
397 301
397 304
397 306
397 308
397 310
397 313
397 315
397 317
397 320
398 177
398 283
398 286
398 288
398 290
398 292
398 295
398 297
398 299
399 177
399 265
399 268
399 270
399 272
399 274
399 277
399 279
399 281
400 178
400 245
400 247
400 249
400 252
400 254
400 256
400 258
400 261
400 263
401 179
401 227
401 229
401 231
401 234
401 236
401 238
401 240
401 243
402 180
402 209
402 211
402 213
402 216
402 218
402 220
402 222
402 225
403 181
403 182
403 183
403 184
403 185
403 186
403 187
403 188
403 189
403 190
403 191
403 192
403 193
403 194
403 195
403 196
403 197
403 198
403 199
403 200
403 201
403 202
403 203
403 204
403 205
403 206
403 207
