496 362
496 363
496 364
496 365
496 366
496 367
496 368
496 369
496 370
496 371
496 372
496 373
496 374
496 375
496 376
496 377
496 378
496 379
497 361
497 362
497 380
498 360
498 361
498 381
499 359
499 360
499 382
500 359
500 383
501 359
501 383
502 383
503 383
504 383
505 383
506 383
507 383
508 383
509 383
510 383
511 383
512 383
513 358
513 383
514 358
514 383
515 359
515 382
515 383
516 359
516 382
517 360
517 381
517 382
518 361
518 380
518 381
519 362
519 363
519 378
519 379
519 380
520 364
520 365
520 366
520 367
520 368
520 369
520 370
520 371
520 372
520 373
520 374
520 375
520 376
520 377
520 378
