526 250
526 251
526 252
526 253
526 254
526 255
526 256
526 257
526 258
526 259
526 260
526 261
526 262
526 263
526 264
526 265
526 266
526 267
526 268
526 269
526 270
526 271
526 272
526 273
526 274
526 275
526 276
526 277
526 278
526 279
526 280
526 281
526 282
526 283
526 284
526 285
526 286
526 287
526 288
526 289
526 290
526 291
526 292
526 293
526 294
526 295
526 296
526 297
526 298
526 299
526 300
526 301
526 302
526 303
526 304
526 305
526 306
526 307
526 308
526 309
526 310
526 311
526 312
527 249
527 250
527 313
527 314
527 315
527 316
527 317
527 318
527 319
527 320
527 321
527 322
527 323
527 324
527 325
528 248
528 249
528 326
529 247
529 248
529 327
530 247
530 328
531 246
531 247
531 329
532 246
532 330
533 246
533 330
534 246
534 330
535 246
535 330
536 246
536 330
537 246
537 330
538 246
538 330
539 246
539 330
540 245
540 330
541 245
541 330
542 245
542 330
543 245
543 330
543 331
544 245
544 331
545 245
545 331
546 245
546 331
547 245
547 331
548 245
548 331
549 244
549 331
550 244
550 331
551 244
551 331
552 244
552 331
553 244
553 331
554 244
554 331
555 244
555 332
556 244
556 332
557 244
557 332
558 243
558 244
558 331
558 332
559 243
559 331
560 243
560 331
561 243
561 331
562 243
562 331
563 243
563 331
564 243
564 331
565 243
565 331
566 242
566 243
566 331
567 242
567 243
567 331
568 242
568 243
568 331
569 242
569 331
570 242
570 331
571 242
571 331
572 242
572 330
573 242
573 330
574 242
574 330
575 242
575 330
576 242
576 330
577 242
577 330
578 242
578 330
579 241
579 242
579 330
580 241
580 330
581 241
581 330
582 241
582 330
583 241
583 330
584 241
584 330
585 241
585 329
585 330
586 241
586 329
587 241
587 329
588 241
588 328
588 329
589 241
589 328
590 241
590 328
591 241
591 328
592 241
592 327
592 328
593 241
593 327
594 241
594 327
595 241
595 327
596 241
596 326
596 327
597 241
597 326
598 242
598 326
599 243
599 326
600 244
600 325
600 326
601 245
601 246
601 247
601 248
601 325
602 248
602 249
602 250
602 251
602 324
602 325
603 252
603 253
603 254
603 255
603 323
604 255
604 256
604 257
604 258
604 259
604 322
604 323
605 259
605 260
605 261
605 262
605 320
605 321
605 322
606 263
606 264
606 265
606 266
606 267
606 268
606 269
606 270
606 271
606 272
606 273
606 274
606 275
606 276
606 277
606 278
606 279
606 280
606 281
606 319
606 320
607 282
607 283
607 284
607 285
607 286
607 287
607 288
607 289
607 290
607 291
607 292
607 293
607 294
607 295
607 296
607 297
607 298
607 299
607 300
607 317
607 318
607 319
608 301
608 302
608 303
608 304
608 305
608 306
608 307
608 308
608 309
608 310
608 311
608 312
608 313
608 314
608 315
608 316
608 317
