306 336
306 337
306 338
306 339
306 340
306 341
306 342
306 343
306 344
307 334
307 335
307 336
307 345
308 333
308 334
308 346
309 332
309 347
310 331
310 332
310 348
311 330
311 348
312 329
312 330
312 349
313 329
313 349
314 329
314 349
315 329
315 349
316 329
316 349
317 349
318 349
319 348
319 349
320 330
320 348
321 331
321 347
321 348
322 332
322 346
322 347
323 333
323 344
323 345
323 346
324 334
324 335
324 340
324 341
324 342
324 343
324 344
325 336
325 337
325 338
325 339
325 340
