657 73
657 74
657 75
657 76
657 77
657 78
657 79
657 80
657 81
657 82
657 83
657 84
657 85
657 86
657 87
657 88
657 89
657 90
658 64
658 65
658 66
658 67
658 68
658 69
658 70
658 71
658 72
658 73
658 91
659 58
659 59
659 60
659 61
659 62
659 63
659 64
659 91
660 56
660 57
660 58
660 92
661 54
661 55
661 56
661 93
662 53
662 54
662 94
663 52
663 53
663 95
664 51
664 52
664 95
665 50
665 51
665 96
666 49
666 50
666 97
667 49
667 98
668 49
669 49
669 99
670 49
670 100
671 49
671 100
672 49
672 101
673 102
674 103
675 104
676 104
677 105
678 106
680 107
681 108
682 109
683 109
684 110
685 111
686 112
687 113
688 113
689 114
691 115
692 116
693 117
694 118
695 118
696 119
697 120
698 121
699 122
700 122
702 123
703 124
704 125
705 126
706 47
706 127
707 47
707 127
708 47
708 128
709 47
709 129
710 47
710 48
710 130
711 48
711 131
712 48
713 48
713 132
714 48
714 132
715 48
715 49
715 133
716 49
716 133
717 49
717 133
718 49
718 133
719 49
719 133
720 49
720 50
720 133
721 50
721 132
721 133
722 50
722 132
723 50
723 132
724 50
724 132
725 51
725 132
726 51
726 132
727 51
727 132
728 51
728 132
729 51
729 52
729 132
730 52
730 132
731 52
731 132
732 52
732 132
733 52
733 132
734 52
734 53
734 132
735 53
735 132
736 53
736 132
737 53
737 132
738 53
738 132
739 53
739 54
739 132
740 54
740 132
741 54
741 132
742 54
742 132
743 54
743 132
744 55
744 132
745 55
745 132
746 56
746 132
747 57
747 58
747 132
748 59
748 60
748 131
748 132
749 60
749 61
749 62
749 130
750 63
750 64
750 65
750 66
750 67
750 68
750 69
750 70
750 71
750 72
750 73
750 74
750 75
750 76
750 77
750 78
750 79
750 80
750 81
750 129
750 130
751 82
751 83
751 84
751 85
751 86
751 87
751 88
751 89
751 90
751 91
751 92
751 93
751 94
751 95
751 96
751 97
751 98
751 99
751 100
751 101
751 128
752 102
752 103
752 104
752 105
752 106
752 107
752 108
752 109
752 110
752 111
752 112
752 113
752 114
752 115
752 116
752 117
752 118
752 119
752 120
752 121
752 122
752 123
752 124
752 125
752 126
752 127
752 128
