116 336
116 337
116 338
116 339
116 340
116 341
116 342
116 343
116 344
116 345
116 346
116 347
116 348
116 349
117 335
117 336
117 350
118 334
118 335
118 351
119 333
119 334
119 352
120 333
120 352
121 332
121 333
121 353
122 332
122 353
123 330
123 332
123 354
124 330
124 332
124 354
125 331
125 355
126 331
126 355
127 332
127 354
127 355
128 332
128 354
129 333
129 353
129 354
130 333
130 352
130 353
131 334
131 351
131 352
132 335
132 350
132 351
133 336
133 349
133 350
134 337
134 338
134 347
134 348
134 349
135 339
135 340
135 341
135 342
135 343
135 344
135 345
135 346
135 347
