401 293
401 294
401 295
401 296
401 297
401 298
401 299
401 300
401 301
401 302
401 303
401 304
401 305
401 306
401 307
401 308
401 309
402 289
402 290
402 291
402 292
402 293
402 309
402 310
402 311
402 312
402 313
402 314
403 287
403 288
403 289
403 315
403 316
404 286
404 287
404 317
404 318
405 285
405 286
405 319
405 320
406 284
406 285
406 321
406 322
407 284
407 323
407 324
408 284
408 325
408 326
409 327
409 328
410 329
410 330
411 331
411 332
412 333
412 334
413 335
413 336
414 337
414 338
415 339
415 340
416 341
417 342
418 343
419 343
420 342
420 343
421 342
422 341
423 340
424 339
424 340
425 339
426 338
427 337
428 337
429 336
430 335
430 336
431 335
432 334
433 333
434 332
434 333
435 274
435 332
436 274
436 331
437 274
437 331
438 274
438 330
439 274
439 329
439 330
440 274
440 329
441 274
441 328
442 274
442 327
443 274
443 326
443 327
444 274
444 326
445 274
445 325
446 274
446 325
447 275
447 324
448 275
448 323
449 275
449 322
449 323
450 275
450 322
451 276
451 321
452 276
452 320
453 276
453 320
454 277
454 319
454 320
455 277
455 318
456 277
456 317
457 277
457 316
457 317
458 278
458 315
458 316
459 278
459 315
460 278
460 314
461 278
461 279
461 313
462 279
462 312
463 279
463 311
463 312
464 279
464 310
464 311
465 279
465 280
465 310
466 280
466 309
467 280
467 308
468 280
468 307
469 281
469 306
469 307
470 281
470 305
471 281
471 304
472 281
472 303
472 304
473 282
473 302
473 303
474 282
474 302
475 282
475 301
476 283
476 300
477 283
477 299
478 283
478 298
478 299
479 283
479 297
479 298
480 284
480 297
481 284
481 296
482 284
482 295
483 284
483 294
484 285
484 293
484 294
485 285
485 292
486 286
486 291
486 292
487 287
487 288
487 290
488 289
488 290
