530 328
530 329
530 330
530 331
530 332
530 333
530 334
530 335
530 336
530 337
530 338
530 339
530 340
530 341
530 342
530 343
530 344
530 345
530 346
531 327
531 328
531 347
531 348
532 326
532 349
533 325
533 350
534 325
534 350
535 351
536 351
537 351
538 351
539 351
540 351
541 351
542 351
543 351
544 351
545 351
546 351
547 352
548 352
549 352
550 324
550 352
551 324
551 352
552 325
552 352
553 325
553 351
553 352
554 326
554 350
555 327
555 328
555 349
555 350
556 329
556 330
556 331
556 332
556 333
556 334
556 335
556 336
556 337
556 338
556 339
556 340
556 341
556 342
556 343
556 344
556 345
556 346
556 347
556 348
556 349
